0.000|35.4143|35.4143|50.8800|50.8800|66.3457|66.3457|66.3457|66.3457|51.5895|51.5895|36.8333|36.8333|61.2577|61.2577|85.6821|85.6821|98.0544|98.0544|103.7794|103.7794|72.4836|72.4836|14.1816|14.1816|11.1107|11.1107|11.4007|11.4007|18.1751|18.1751|21.9089|21.9089|18.4067|18.4067|18.1641|18.1641|12.6843|12.6843|9.3884|9.3884|9.8717|9.8717|5.9306|5.9306|8.1610|8.1610|6.4020|6.4020|7.8792|7.8792|5.0370|5.0370|3.0101|3.0101|1.9079|1.9079|1.4817|1.4817|0.8558|0.8558
0.023|3.1606|3.1606|5.4516|5.4516|7.7427|7.7427|7.7427|7.7427|46.3595|46.3595|84.9763|84.9763|170.8421|170.8421|256.7079|256.7079|157.1360|157.1360|61.4298|61.4298|33.3479|33.3479|11.1911|11.1911|6.5145|6.5145|5.6187|5.6187|4.1722|4.1722|4.4480|4.4480|3.7041|3.7041|6.2296|6.2296|3.3206|3.3206|2.6355|2.6355|2.1295|2.1295|1.3971|1.3971|2.2334|2.2334|2.1366|2.1366|2.1761|2.1761|1.3512|1.3512|0.9135|0.9135|0.4940|0.4940|0.2735|0.2735|0.1576|0.1576
0.046|34.7099|34.7099|60.7779|60.7779|86.8459|86.8459|86.8459|86.8459|152.3589|152.3589|217.8719|217.8719|149.2918|149.2918|80.7117|80.7117|92.1184|92.1184|91.8489|91.8489|47.8958|47.8958|30.2742|30.2742|16.4269|16.4269|10.4285|10.4285|11.4252|11.4252|7.1954|7.1954|7.1971|7.1971|6.2352|6.2352|4.0317|4.0317|3.7825|3.7825|3.4678|3.4678|2.2615|2.2615|3.0045|3.0045|2.8637|2.8637|2.5626|2.5626|1.8368|1.8368|1.3954|1.3954|0.7504|0.7504|0.4990|0.4990|0.4553|0.4553
0.070|6.1292|6.1292|34.7178|34.7178|63.3065|63.3065|63.3065|63.3065|124.0269|124.0269|184.7473|184.7473|126.2184|126.2184|67.6896|67.6896|47.3860|47.3860|27.7388|27.7388|20.4182|20.4182|9.7361|9.7361|6.0197|6.0197|3.9472|3.9472|4.2831|4.2831|3.5611|3.5611|2.3273|2.3273|4.0604|4.0604|3.7242|3.7242|3.2389|3.2389|2.5208|2.5208|1.8675|1.8675|2.2587|2.2587|2.5683|2.5683|2.3088|2.3088|1.6352|1.6352|1.1548|1.1548|0.5644|0.5644|0.3320|0.3320|0.2491|0.2491
0.093|14.3166|14.3166|24.5060|24.5060|34.6953|34.6953|34.6953|34.6953|40.2020|40.2020|45.7087|45.7087|88.4527|88.4527|131.1967|131.1967|82.4987|82.4987|22.7277|22.7277|7.8003|7.8003|3.6853|3.6853|4.4548|4.4548|1.9474|1.9474|3.1075|3.1075|2.8660|2.8660|1.5776|1.5776|5.5877|5.5877|1.9648|1.9648|2.6783|2.6783|2.9062|2.9062|1.9940|1.9940|2.7761|2.7761|2.4305|2.4305|2.1958|2.1958|1.4198|1.4198|1.0194|1.0194|0.5070|0.5070|0.2934|0.2934|0.1652|0.1652
0.116|37.3910|37.3910|47.7173|47.7173|58.0435|58.0435|58.0435|58.0435|82.9215|82.9215|107.7994|107.7994|148.4184|148.4184|189.0374|189.0374|113.0404|113.0404|21.8042|21.8042|10.5739|10.5739|3.2073|3.2073|1.7037|1.7037|1.1976|1.1976|2.4201|2.4201|2.3538|2.3538|1.9472|1.9472|2.4534|2.4534|1.9568|1.9568|2.3408|2.3408|2.1058|2.1058|1.4085|1.4085|1.8236|1.8236|1.9923|1.9923|1.7858|1.7858|0.9990|0.9990|0.8005|0.8005|0.3394|0.3394|0.2208|0.2208|0.0987|0.0987
0.139|48.7746|48.7746|56.4014|56.4014|64.0282|64.0282|64.0282|64.0282|71.4826|71.4826|78.9371|78.9371|70.8577|70.8577|62.7783|62.7783|40.5033|40.5033|15.4267|15.4267|6.7687|6.7687|4.0017|4.0017|2.6057|2.6057|1.7260|1.7260|1.6326|1.6326|1.4854|1.4854|1.5180|1.5180|1.7688|1.7688|1.9213|1.9213|1.6960|1.6960|1.6525|1.6525|1.3755|1.3755|1.5607|1.5607|1.8018|1.8018|1.4221|1.4221|0.8208|0.8208|0.6826|0.6826|0.2772|0.2772|0.2087|0.2087|0.1188|0.1188
0.163|16.7847|16.7847|45.5766|45.5766|74.3685|74.3685|74.3685|74.3685|46.8420|46.8420|19.3156|19.3156|27.5568|27.5568|35.7980|35.7980|19.0086|19.0086|11.6745|11.6745|9.7990|9.7990|4.0376|4.0376|1.5148|1.5148|2.1866|2.1866|1.4836|1.4836|0.9723|0.9723|0.6274|0.6274|1.2265|1.2265|1.8821|1.8821|0.8814|0.8814|1.2918|1.2918|0.9584|0.9584|1.2901|1.2901|1.2349|1.2349|0.9561|0.9561|0.7859|0.7859|0.5424|0.5424|0.1824|0.1824|0.1282|0.1282|0.0663|0.0663
0.186|29.9056|29.9056|39.2146|39.2146|48.5237|48.5237|48.5237|48.5237|50.0877|50.0877|51.6517|51.6517|45.7342|45.7342|39.8168|39.8168|25.3244|25.3244|12.4041|12.4041|7.9332|7.9332|3.8687|3.8687|1.9369|1.9369|1.6178|1.6178|2.3049|2.3049|1.6679|1.6679|1.7639|1.7639|1.8486|1.8486|1.5326|1.5326|1.2935|1.2935|1.1880|1.1880|0.9616|0.9616|1.2103|1.2103|1.3705|1.3705|1.1117|1.1117|0.6119|0.6119|0.5330|0.5330|0.2067|0.2067|0.1574|0.1574|0.0756|0.0756
0.209|28.7541|28.7541|40.3955|40.3955|52.0368|52.0368|52.0368|52.0368|65.7072|65.7072|79.3776|79.3776|108.1376|108.1376|136.8976|136.8976|72.7805|72.7805|5.7938|5.7938|13.9071|13.9071|17.2295|17.2295|8.2021|8.2021|5.4446|5.4446|7.2236|7.2236|16.6966|16.6966|11.3245|11.3245|12.3642|12.3642|12.8532|12.8532|8.7707|8.7707|10.3760|10.3760|5.9526|5.9526|8.4831|8.4831|5.5378|5.5378|8.8075|8.8075|4.8321|4.8321|2.7562|2.7562|1.9806|1.9806|1.8100|1.8100|0.9496|0.9496
0.232|4.6007|4.6007|6.2892|6.2892|7.9777|7.9777|7.9777|7.9777|51.2660|51.2660|94.5543|94.5543|132.3950|132.3950|170.2356|170.2356|105.9159|105.9159|105.5424|105.5424|90.2622|90.2622|16.9541|16.9541|14.8835|14.8835|14.0881|14.0881|18.5254|18.5254|16.4519|16.4519|13.5027|13.5027|12.1073|12.1073|7.0275|7.0275|4.8589|4.8589|4.3487|4.3487|2.6891|2.6891|2.2465|2.2465|3.0674|3.0674|2.3882|2.3882|1.8695|1.8695|1.4195|1.4195|0.6754|0.6754|0.4151|0.4151|0.1919|0.1919
0.255|38.0823|38.0823|53.0161|53.0161|67.9499|67.9499|67.9499|67.9499|102.9415|102.9415|137.9330|137.9330|158.0422|158.0422|178.1514|178.1514|121.8823|121.8823|53.3107|53.3107|43.7095|43.7095|28.5552|28.5552|18.3851|18.3851|15.8670|15.8670|10.9319|10.9319|8.4276|8.4276|8.0708|8.0708|8.6402|8.6402|6.0670|6.0670|4.7675|4.7675|3.2896|3.2896|2.8419|2.8419|3.2764|3.2764|2.8079|2.8079|2.5056|2.5056|1.6824|1.6824|1.2257|1.2257|0.8150|0.8150|0.5868|0.5868|0.5498|0.5498
0.279|19.5694|19.5694|43.7910|43.7910|68.0127|68.0127|68.0127|68.0127|119.0502|119.0502|170.0877|170.0877|190.0883|190.0883|210.0889|210.0889|118.7040|118.7040|55.3257|55.3257|50.1070|50.1070|27.5459|27.5459|19.9241|19.9241|17.4132|17.4132|15.6331|15.6331|11.0513|11.0513|9.0105|9.0105|6.4577|6.4577|6.2940|6.2940|5.1012|5.1012|3.8536|3.8536|3.1450|3.1450|3.0817|3.0817|2.7624|2.7624|2.3709|2.3709|1.6706|1.6706|1.4008|1.4008|0.8435|0.8435|0.6432|0.6432|0.5854|0.5854
0.302|36.9171|36.9171|52.4852|52.4852|68.0532|68.0532|68.0532|68.0532|58.7704|58.7704|49.4875|49.4875|49.3739|49.3739|49.2603|49.2603|54.0242|54.0242|49.6259|49.6259|23.9638|23.9638|14.8708|14.8708|12.7994|12.7994|11.1697|11.1697|7.3440|7.3440|5.2323|5.2323|4.1877|4.1877|4.4316|4.4316|4.4524|4.4524|3.5455|3.5455|3.4607|3.4607|1.8672|1.8672|2.0996|2.0996|2.6013|2.6013|2.3038|2.3038|1.6303|1.6303|1.2561|1.2561|0.6826|0.6826|0.4349|0.4349|0.3702|0.3702
0.325|44.0425|44.0425|50.4066|50.4066|56.7708|56.7708|56.7708|56.7708|65.1315|65.1315|73.4923|73.4923|129.4374|129.4374|185.3824|185.3824|105.3419|105.3419|16.0591|16.0591|7.6426|7.6426|3.7081|3.7081|4.7246|4.7246|3.1936|3.1936|2.4723|2.4723|2.5384|2.5384|2.7458|2.7458|4.6823|4.6823|1.8345|1.8345|2.8934|2.8934|2.2779|2.2779|1.8570|1.8570|2.5407|2.5407|2.0182|2.0182|2.1948|2.1948|1.1792|1.1792|0.8556|0.8556|0.3970|0.3970|0.2830|0.2830|0.1398|0.1398
0.348|46.6002|46.6002|56.6025|56.6025|66.6048|66.6048|66.6048|66.6048|80.8474|80.8474|95.0901|95.0901|118.5926|118.5926|142.0952|142.0952|99.4661|99.4661|37.6433|37.6433|15.8265|15.8265|4.7678|4.7678|4.2850|4.2850|3.4860|3.4860|3.5303|3.5303|3.1254|3.1254|2.3291|2.3291|2.4681|2.4681|2.0096|2.0096|1.9344|1.9344|1.7865|1.7865|1.3409|1.3409|1.6625|1.6625|2.1043|2.1043|1.4827|1.4827|0.9735|0.9735|0.6965|0.6965|0.2779|0.2779|0.2079|0.2079|0.1302|0.1302
0.372|12.8374|12.8374|26.5690|26.5690|40.3006|40.3006|40.3006|40.3006|56.2199|56.2199|72.1392|72.1392|43.2084|43.2084|14.2776|14.2776|19.9995|19.9995|14.3738|14.3738|4.8461|4.8461|6.6142|6.6142|4.9031|4.9031|2.8865|2.8865|3.7652|3.7652|2.7411|2.7411|2.0802|2.0802|2.5822|2.5822|2.4431|2.4431|1.5111|1.5111|1.5734|1.5734|1.4009|1.4009|1.4808|1.4808|1.5086|1.5086|1.3208|1.3208|0.7431|0.7431|0.6121|0.6121|0.3421|0.3421|0.2504|0.2504|0.1998|0.1998
0.395|5.6909|5.6909|17.7885|17.7885|29.8860|29.8860|29.8860|29.8860|46.6008|46.6008|63.3155|63.3155|42.6710|42.6710|22.0266|22.0266|17.2015|17.2015|12.1681|12.1681|5.3874|5.3874|1.5017|1.5017|2.0880|2.0880|2.0942|2.0942|2.1201|2.1201|0.6522|0.6522|0.8726|0.8726|1.7959|1.7959|2.1550|2.1550|0.9459|0.9459|1.3763|1.3763|1.0277|1.0277|1.5291|1.5291|1.1538|1.1538|1.1448|1.1448|0.8629|0.8629|0.5321|0.5321|0.2215|0.2215|0.1549|0.1549|0.1061|0.1061
0.418|10.8341|10.8341|22.0058|22.0058|33.1774|33.1774|33.1774|33.1774|58.2701|58.2701|83.3628|83.3628|74.6396|74.6396|65.9164|65.9164|40.7200|40.7200|15.7255|15.7255|11.8902|11.8902|7.7269|7.7269|4.5667|4.5667|2.8502|2.8502|3.3038|3.3038|2.7427|2.7427|1.7745|1.7745|1.9757|1.9757|1.8748|1.8748|1.5776|1.5776|1.1886|1.1886|0.9489|0.9489|1.1809|1.1809|1.3873|1.3873|1.1134|1.1134|0.6041|0.6041|0.5128|0.5128|0.2250|0.2250|0.1676|0.1676|0.1239|0.1239
0.441|13.5425|13.5425|39.3665|39.3665|65.1905|65.1905|65.1905|65.1905|55.1299|55.1299|45.0693|45.0693|58.6487|58.6487|72.2280|72.2280|54.2773|54.2773|25.6178|25.6178|28.6183|28.6183|38.5453|38.5453|24.6784|24.6784|15.2566|15.2566|32.0796|32.0796|16.6247|16.6247|23.2789|23.2789|23.6203|23.6203|12.9175|12.9175|12.1383|12.1383|14.3754|14.3754|9.4353|9.4353|10.7091|10.7091|10.8161|10.8161|8.6920|8.6920|6.4127|6.4127|3.6650|3.6650|2.8928|2.8928|2.2729|2.2729|1.8980|1.8980
0.464|32.4434|32.4434|24.1772|24.1772|15.9110|15.9110|15.9110|15.9110|52.2331|52.2331|88.5551|88.5551|77.8641|77.8641|67.1731|67.1731|40.6214|40.6214|10.8151|10.8151|14.7915|14.7915|18.7017|18.7017|10.1228|10.1228|12.5167|12.5167|23.9730|23.9730|15.7399|15.7399|25.3064|25.3064|15.6021|15.6021|13.9710|13.9710|11.7471|11.7471|9.3609|9.3609|8.7821|8.7821|9.5822|9.5822|10.3780|10.3780|7.4166|7.4166|4.5885|4.5885|4.0271|4.0271|2.0587|2.0587|1.6486|1.6486|1.1481|1.1481
0.488|26.3628|26.3628|33.7487|33.7487|41.1346|41.1346|41.1346|41.1346|48.2106|48.2106|55.2865|55.2865|36.6863|36.6863|18.0860|18.0860|15.1516|15.1516|8.7239|8.7239|7.6073|7.6073|4.0131|4.0131|6.9358|6.9358|9.5547|9.5547|17.0830|17.0830|5.6109|5.6109|17.9964|17.9964|17.1377|17.1377|9.4231|9.4231|9.7012|9.7012|9.4670|9.4670|10.0698|10.0698|10.0459|10.0459|13.7780|13.7780|7.5818|7.5818|5.8997|5.8997|3.1481|3.1481|1.9877|1.9877|1.2627|1.2627|0.7531|0.7531
0.511|2.7823|2.7823|6.0794|6.0794|9.3764|9.3764|9.3764|9.3764|22.4392|22.4392|35.5019|35.5019|27.0047|27.0047|18.5074|18.5074|14.9957|14.9957|12.6136|12.6136|11.2077|11.2077|4.7857|4.7857|3.2417|3.2417|3.8496|3.8496|6.9157|6.9157|5.0125|5.0125|17.8932|17.8932|14.4289|14.4289|8.3251|8.3251|7.6803|7.6803|8.0263|8.0263|7.5956|7.5956|12.1971|12.1971|13.2323|13.2323|9.3154|9.3154|6.8513|6.8513|3.8002|3.8002|1.9769|1.9769|1.3505|1.3505|0.8867|0.8867
0.534|5.8304|5.8304|12.2357|12.2357|18.6409|18.6409|18.6409|18.6409|13.0624|13.0624|7.4838|7.4838|11.9943|11.9943|16.5049|16.5049|11.5904|11.5904|8.0378|8.0378|6.9290|6.9290|2.2686|2.2686|4.0942|4.0942|3.1992|3.1992|4.0873|4.0873|4.2259|4.2259|10.5672|10.5672|7.9018|7.9018|6.7913|6.7913|4.6925|4.6925|6.0756|6.0756|6.2956|6.2956|10.3870|10.3870|10.6005|10.6005|7.5377|7.5377|4.8556|4.8556|2.9251|2.9251|1.2414|1.2414|0.9537|0.9537|0.7628|0.7628
0.557|7.1223|7.1223|6.8285|6.8285|6.5347|6.5347|6.5347|6.5347|9.8790|9.8790|13.2233|13.2233|10.3184|10.3184|7.4136|7.4136|6.6989|6.6989|5.2942|5.2942|9.8978|9.8978|6.3136|6.3136|3.6225|3.6225|4.5279|4.5279|6.6161|6.6161|4.4746|4.4746|6.7965|6.7965|8.5821|8.5821|4.3937|4.3937|4.1774|4.1774|5.0377|5.0377|6.9501|6.9501|8.2097|8.2097|7.5767|7.5767|5.9293|5.9293|3.7550|3.7550|2.0156|2.0156|0.8675|0.8675|0.9882|0.9882|0.6083|0.6083
0.580|5.9056|5.9056|9.0451|9.0451|12.1846|12.1846|12.1846|12.1846|9.3614|9.3614|6.5382|6.5382|6.4334|6.4334|6.3285|6.3285|6.3363|6.3363|6.0098|6.0098|9.7418|9.7418|4.1426|4.1426|2.9970|2.9970|1.6477|1.6477|4.5907|4.5907|5.0149|5.0149|2.6976|2.6976|5.3025|5.3025|2.9717|2.9717|4.2869|4.2869|5.3017|5.3017|4.6975|4.6975|6.2745|6.2745|9.4941|9.4941|5.2827|5.2827|3.1803|3.1803|2.2093|2.2093|0.8444|0.8444|0.8941|0.8941|0.8104|0.8104
0.604|2.8051|2.8051|4.7766|4.7766|6.7480|6.7480|6.7480|6.7480|7.7325|7.7325|8.7170|8.7170|6.0660|6.0660|3.4150|3.4150|4.6984|4.6984|6.5330|6.5330|6.2939|6.2939|3.6675|3.6675|2.9577|2.9577|2.9726|2.9726|4.6280|4.6280|4.2790|4.2790|3.3091|3.3091|3.5993|3.5993|2.0755|2.0755|3.2330|3.2330|4.3200|4.3200|5.0791|5.0791|5.5958|5.5958|5.2766|5.2766|5.2928|5.2928|2.7029|2.7029|1.6561|1.6561|0.7108|0.7108|0.6261|0.6261|0.4017|0.4017
0.627|3.0543|3.0543|5.3973|5.3973|7.7404|7.7404|7.7404|7.7404|6.4120|6.4120|5.0836|5.0836|2.7204|2.7204|0.3571|0.3571|3.9379|3.9379|4.2780|4.2780|5.7933|5.7933|3.4428|3.4428|3.1555|3.1555|1.7387|1.7387|4.3580|4.3580|2.8655|2.8655|2.1582|2.1582|3.5289|3.5289|2.6051|2.6051|3.0438|3.0438|4.2682|4.2682|4.6483|4.6483|5.0862|5.0862|6.3998|6.3998|4.4973|4.4973|2.6587|2.6587|1.5013|1.5013|0.6678|0.6678|0.6131|0.6131|0.4906|0.4906
0.650|1.5777|1.5777|3.4579|3.4579|5.3380|5.3380|5.3380|5.3380|8.6933|8.6933|12.0485|12.0485|6.7357|6.7357|1.4228|1.4228|2.3238|2.3238|6.2167|6.2167|7.1789|7.1789|2.7285|2.7285|2.0503|2.0503|2.1695|2.1695|3.8620|3.8620|3.0705|3.0705|3.5473|3.5473|4.0761|4.0761|3.8740|3.8740|2.9859|2.9859|3.6860|3.6860|4.8051|4.8051|5.1222|5.1222|5.5845|5.5845|5.0087|5.0087|3.0218|3.0218|1.5109|1.5109|0.7254|0.7254|0.6904|0.6904|0.4694|0.4694
0.673|3.6661|3.6661|7.2026|7.2026|10.7390|10.7390|10.7390|10.7390|10.1120|10.1120|9.4850|9.4850|10.5532|10.5532|11.6215|11.6215|7.7367|7.7367|2.7323|2.7323|4.3526|4.3526|4.8469|4.8469|4.1887|4.1887|3.5905|3.5905|3.6688|3.6688|4.2429|4.2429|3.8606|3.8606|6.6670|6.6670|5.9010|5.9010|5.3960|5.3960|4.9972|4.9972|5.7810|5.7810|6.5736|6.5736|10.1796|10.1796|11.5018|11.5018|8.0204|8.0204|6.7547|6.7547|4.0720|4.0720|1.7591|1.7591|0.7420|0.7420
0.697|2.8664|2.8664|6.2692|6.2692|9.6720|9.6720|9.6720|9.6720|7.8304|7.8304|5.9888|5.9888|3.8860|3.8860|1.7832|1.7832|1.8629|1.8629|1.9067|1.9067|2.1339|2.1339|2.0320|2.0320|3.3038|3.3038|4.0785|4.0785|4.6419|4.6419|3.1127|3.1127|3.5462|3.5462|3.1767|3.1767|3.4717|3.4717|2.5113|2.5113|2.3663|2.3663|2.8302|2.8302|3.7472|3.7472|8.1058|8.1058|8.9618|8.9618|6.6450|6.6450|4.3108|4.3108|1.6942|1.6942|0.8659|0.8659|0.3731|0.3731
0.720|2.2733|2.2733|4.4862|4.4862|6.6990|6.6990|6.6990|6.6990|5.3386|5.3386|3.9781|3.9781|3.4464|3.4464|2.9146|2.9146|2.0030|2.0030|1.1475|1.1475|2.9064|2.9064|1.6325|1.6325|2.1807|2.1807|3.4616|3.4616|1.8150|1.8150|2.1928|2.1928|3.7288|3.7288|4.5292|4.5292|2.1266|2.1266|2.6613|2.6613|2.5871|2.5871|2.2202|2.2202|3.8438|3.8438|4.9543|4.9543|6.6882|6.6882|4.7835|4.7835|3.6275|3.6275|1.6345|1.6345|0.7101|0.7101|0.4215|0.4215
0.743|2.1753|2.1753|1.5836|1.5836|0.9920|0.9920|0.9920|0.9920|2.6969|2.6969|4.4018|4.4018|2.5873|2.5873|0.7727|0.7727|1.4457|1.4457|2.0145|2.0145|1.2453|1.2453|0.8734|0.8734|1.4545|1.4545|0.9463|0.9463|1.0429|1.0429|2.6425|2.6425|2.1990|2.1990|2.3145|2.3145|2.0525|2.0525|1.2369|1.2369|1.2684|1.2684|1.7146|1.7146|2.4192|2.4192|3.9037|3.9037|3.8739|3.8739|3.5374|3.5374|2.1865|2.1865|1.1533|1.1533|0.5617|0.5617|0.2277|0.2277
0.766|26.7749|26.7749|25.9712|25.9712|25.1674|25.1674|25.1674|25.1674|22.1322|22.1322|19.0969|19.0969|22.2412|22.2412|25.3854|25.3854|32.0928|32.0928|42.6987|42.6987|45.5552|45.5552|36.5341|36.5341|21.1154|21.1154|17.8841|17.8841|18.6586|18.6586|12.2852|12.2852|8.4000|8.4000|10.3295|10.3295|5.9694|5.9694|5.9916|5.9916|6.7344|6.7344|6.4010|6.4010|5.3676|5.3676|4.6547|4.6547|6.3279|6.3279|4.0333|4.0333|2.4930|2.4930|1.3337|1.3337|0.6795|0.6795|0.4272|0.4272
0.789|30.1995|30.1995|22.1367|22.1367|14.0740|14.0740|14.0740|14.0740|14.6820|14.6820|15.2900|15.2900|16.9539|16.9539|18.6177|18.6177|18.2058|18.2058|27.8731|27.8731|55.1832|55.1832|27.6266|27.6266|12.3979|12.3979|14.2188|14.2188|26.2854|26.2854|9.4367|9.4367|14.5106|14.5106|15.3027|15.3027|12.1911|12.1911|8.9239|8.9239|10.6650|10.6650|13.5235|13.5235|11.6995|11.6995|12.5796|12.5796|9.1198|9.1198|5.6481|5.6481|3.7606|3.7606|1.6602|1.6602|0.8331|0.8331|0.4341|0.4341
0.813|10.9186|10.9186|10.8505|10.8505|10.7824|10.7824|10.7824|10.7824|12.0807|12.0807|13.3789|13.3789|9.4679|9.4679|5.5568|5.5568|3.9073|3.9073|6.1968|6.1968|8.4816|8.4816|5.2685|5.2685|4.8041|4.8041|4.5330|4.5330|9.5137|9.5137|8.9785|8.9785|10.1934|10.1934|14.5161|14.5161|6.7443|6.7443|6.7167|6.7167|7.1441|7.1441|11.0236|11.0236|12.3254|12.3254|12.2211|12.2211|8.7339|8.7339|4.8151|4.8151|2.8146|2.8146|1.4665|1.4665|0.4848|0.4848|0.2466|0.2466
0.836|13.6205|13.6205|8.6123|8.6123|3.6042|3.6042|3.6042|3.6042|3.3449|3.3449|3.0857|3.0857|7.4547|7.4547|11.8236|11.8236|9.2785|9.2785|5.2754|5.2754|5.9401|5.9401|3.4381|3.4381|2.7645|2.7645|3.7530|3.7530|7.7332|7.7332|4.8947|4.8947|4.3102|4.3102|7.7606|7.7606|4.8790|4.8790|4.1805|4.1805|6.3035|6.3035|6.9617|6.9617|7.5537|7.5537|7.5388|7.5388|5.3737|5.3737|3.0335|3.0335|1.6893|1.6893|0.7962|0.7962|0.3252|0.3252|0.1664|0.1664
0.859|1.2982|1.2982|2.0090|2.0090|2.7197|2.7197|2.7197|2.7197|3.4476|3.4476|4.1755|4.1755|4.6828|4.6828|5.1901|5.1901|4.2233|4.2233|5.3011|5.3011|7.0557|7.0557|3.8099|3.8099|1.3917|1.3917|3.2254|3.2254|6.0975|6.0975|4.7171|4.7171|2.8688|2.8688|5.1024|5.1024|2.4148|2.4148|4.6031|4.6031|5.8884|5.8884|5.3717|5.3717|5.6973|5.6973|5.5821|5.5821|4.8157|4.8157|1.9875|1.9875|1.2515|1.2515|0.4014|0.4014|0.1818|0.1818|0.0903|0.0903
0.882|0.6103|0.6103|3.0854|3.0854|5.5605|5.5605|5.5605|5.5605|4.8426|4.8426|4.1248|4.1248|2.5001|2.5001|0.8755|0.8755|3.6257|3.6257|6.1737|6.1737|4.9282|4.9282|1.8572|1.8572|2.6878|2.6878|3.4530|3.4530|4.6541|4.6541|3.1182|3.1182|5.0986|5.0986|6.8141|6.8141|4.0037|4.0037|3.8057|3.8057|4.3001|4.3001|5.9878|5.9878|6.3675|6.3675|8.7106|8.7106|8.9795|8.9795|6.5597|6.5597|5.4950|5.4950|3.4566|3.4566|1.3502|1.3502|0.6238|0.6238
0.906|3.5052|3.5052|2.6393|2.6393|1.7733|1.7733|1.7733|1.7733|3.4790|3.4790|5.1846|5.1846|3.8736|3.8736|2.5626|2.5626|2.9289|2.9289|3.6558|3.6558|4.9943|4.9943|3.1847|3.1847|3.4748|3.4748|3.0566|3.0566|3.2360|3.2360|3.8416|3.8416|4.1440|4.1440|3.3005|3.3005|2.9706|2.9706|2.3603|2.3603|2.4674|2.4674|3.5352|3.5352|4.7027|4.7027|6.8437|6.8437|8.1324|8.1324|5.7408|5.7408|4.0467|4.0467|1.8377|1.8377|0.8365|0.8365|0.4106|0.4106
0.929|0.1145|0.1145|0.8741|0.8741|1.6338|1.6338|1.6338|1.6338|1.7549|1.7549|1.8761|1.8761|1.7422|1.7422|1.6082|1.6082|1.8686|1.8686|1.2910|1.2910|3.5462|3.5462|3.6534|3.6534|2.8062|2.8062|2.3799|2.3799|3.4638|3.4638|2.8901|2.8901|3.7072|3.7072|3.2003|3.2003|2.3238|2.3238|1.4251|1.4251|1.9573|1.9573|2.6224|2.6224|3.2616|3.2616|4.9724|4.9724|6.1746|6.1746|4.7548|4.7548|3.5449|3.5449|1.4819|1.4819|0.7049|0.7049|0.2964|0.2964
0.952|4.4799|4.4799|3.0005|3.0005|1.5211|1.5211|1.5211|1.5211|2.3195|2.3195|3.1179|3.1179|2.8844|2.8844|2.6510|2.6510|2.0096|2.0096|0.7736|0.7736|1.2829|1.2829|0.6853|0.6853|1.5918|1.5918|0.9710|0.9710|2.1110|2.1110|1.8632|1.8632|1.3751|1.3751|1.5821|1.5821|1.3969|1.3969|0.9402|0.9402|1.0082|1.0082|1.1565|1.1565|2.1509|2.1509|3.5949|3.5949|4.3233|4.3233|3.3302|3.3302|2.2504|2.2504|1.2087|1.2087|0.4909|0.4909|0.2028|0.2028
0.975|1.1283|1.1283|0.7779|0.7779|0.4275|0.4275|0.4275|0.4275|1.0679|1.0679|1.7084|1.7084|1.5523|1.5523|1.3962|1.3962|1.1918|1.1918|1.1841|1.1841|1.3971|1.3971|0.9081|0.9081|1.1005|1.1005|1.0597|1.0597|1.6713|1.6713|1.6608|1.6608|1.2320|1.2320|1.4158|1.4158|1.0741|1.0741|0.7240|0.7240|0.7117|0.7117|1.0444|1.0444|1.7098|1.7098|2.8694|2.8694|3.5153|3.5153|2.5636|2.5636|1.7372|1.7372|0.9118|0.9118|0.4115|0.4115|0.1982|0.1982
0.998|12.0224|12.0224|18.1997|18.1997|24.3771|24.3771|24.3771|24.3771|29.2852|29.2852|34.1933|34.1933|32.6270|32.6270|31.0607|31.0607|24.3750|24.3750|29.0875|29.0875|53.5977|53.5977|35.5150|35.5150|19.5425|19.5425|16.7090|16.7090|24.3924|24.3924|14.9132|14.9132|14.3704|14.3704|16.4357|16.4357|12.9045|12.9045|8.5703|8.5703|10.8574|10.8574|8.9289|8.9289|11.8769|11.8769|11.6716|11.6716|6.2832|6.2832|4.0922|4.0922|2.6271|2.6271|1.3709|1.3709|0.6287|0.6287|0.2981|0.2981
1.022|17.2214|17.2214|16.5399|16.5399|15.8584|15.8584|15.8584|15.8584|27.0947|27.0947|38.3310|38.3310|25.7755|25.7755|13.2201|13.2201|17.8355|17.8355|20.7967|20.7967|15.9034|15.9034|11.4603|11.4603|9.5433|9.5433|9.0089|9.0089|12.2864|12.2864|9.3528|9.3528|12.6645|12.6645|14.3563|14.3563|12.3704|12.3704|5.9369|5.9369|10.9667|10.9667|9.5517|9.5517|12.4139|12.4139|11.8940|11.8940|8.0515|8.0515|6.0317|6.0317|3.9547|3.9547|1.5485|1.5485|0.5653|0.5653|0.3624|0.3624
1.045|4.4656|4.4656|5.5600|5.5600|6.6545|6.6545|6.6545|6.6545|8.3418|8.3418|10.0292|10.0292|5.9251|5.9251|1.8210|1.8210|2.2595|2.2595|2.1973|2.1973|1.9885|1.9885|2.5273|2.5273|2.9439|2.9439|2.5487|2.5487|5.0806|5.0806|3.9913|3.9913|4.6393|4.6393|4.9356|4.9356|5.6669|5.6669|5.5005|5.5005|7.8749|7.8749|6.4353|6.4353|9.7257|9.7257|8.7235|8.7235|5.0298|5.0298|3.2572|3.2572|2.2159|2.2159|0.8453|0.8453|0.2125|0.2125|0.1235|0.1235
1.068|8.5901|8.5901|5.1422|5.1422|1.6942|1.6942|1.6942|1.6942|2.9441|2.9441|4.1940|4.1940|4.1108|4.1108|4.0276|4.0276|2.9587|2.9587|3.0495|3.0495|3.9767|3.9767|3.1617|3.1617|1.7206|1.7206|2.8166|2.8166|5.3606|5.3606|2.5554|2.5554|1.8922|1.8922|3.2778|3.2778|2.7416|2.7416|3.1359|3.1359|4.4971|4.4971|2.2776|2.2776|5.0464|5.0464|5.9497|5.9497|3.7173|3.7173|2.0204|2.0204|1.1322|1.1322|0.4841|0.4841|0.1645|0.1645|0.1100|0.1100
1.091|21.2309|21.2309|18.7396|18.7396|16.2484|16.2484|16.2484|16.2484|14.8820|14.8820|13.5156|13.5156|16.0751|16.0751|18.6345|18.6345|16.7504|16.7504|13.5030|13.5030|9.4642|9.4642|6.1318|6.1318|5.4060|5.4060|8.4105|8.4105|10.2048|10.2048|7.4714|7.4714|3.5040|3.5040|5.2075|5.2075|4.7051|4.7051|5.9150|5.9150|5.5947|5.5947|3.1243|3.1243|5.4202|5.4202|5.4897|5.4897|4.4088|4.4088|2.0976|2.0976|1.3143|1.3143|0.6231|0.6231|0.3830|0.3830|0.1849|0.1849
1.115|53.3217|53.3217|54.4336|54.4336|55.5454|55.5454|55.5454|55.5454|65.0955|65.0955|74.6455|74.6455|118.4456|118.4456|162.2458|162.2458|115.4862|115.4862|109.3888|109.3888|81.4798|81.4798|25.8765|25.8765|13.8171|13.8171|16.0432|16.0432|17.9789|17.9789|20.1644|20.1644|19.5954|19.5954|16.5690|16.5690|12.5306|12.5306|10.1942|10.1942|9.1951|9.1951|6.2003|6.2003|7.8583|7.8583|6.8393|6.8393|7.5302|7.5302|5.1588|5.1588|2.9954|2.9954|1.8459|1.8459|1.4572|1.4572|0.8434|0.8434
1.138|0.6730|0.6730|8.2010|8.2010|15.7290|15.7290|15.7290|15.7290|45.6293|45.6293|75.5296|75.5296|156.9721|156.9721|238.4146|238.4146|135.8424|135.8424|48.7353|48.7353|39.1886|39.1886|13.1980|13.1980|14.6312|14.6312|10.8554|10.8554|13.1701|13.1701|9.3228|9.3228|6.1278|6.1278|7.7314|7.7314|5.3325|5.3325|4.0617|4.0617|3.7290|3.7290|3.1550|3.1550|3.7043|3.7043|2.9077|2.9077|2.5628|2.5628|1.8530|1.8530|1.1128|1.1128|0.7179|0.7179|0.5035|0.5035|0.4364|0.4364
1.161|75.2567|75.2567|92.1058|92.1058|108.9548|108.9548|108.9548|108.9548|126.3539|126.3539|143.7529|143.7529|153.3436|153.3436|162.9344|162.9344|128.8201|128.8201|78.0682|78.0682|35.0861|35.0861|15.5329|15.5329|9.8297|9.8297|4.0971|4.0971|8.4535|8.4535|3.9663|3.9663|4.8894|4.8894|4.7349|4.7349|3.2956|3.2956|2.8749|2.8749|3.1808|3.1808|2.0904|2.0904|2.2325|2.2325|2.6186|2.6186|2.3812|2.3812|1.7223|1.7223|1.2414|1.2414|0.6690|0.6690|0.3264|0.3264|0.2437|0.2437
1.184|68.7265|68.7265|88.1190|88.1190|107.5115|107.5115|107.5115|107.5115|123.7079|123.7079|139.9042|139.9042|86.7267|86.7267|33.5492|33.5492|43.8954|43.8954|37.0347|37.0347|15.3207|15.3207|6.4466|6.4466|4.3444|4.3444|4.3323|4.3323|3.4613|3.4613|2.3607|2.3607|1.9985|1.9985|4.8456|4.8456|3.1335|3.1335|2.9715|2.9715|2.5096|2.5096|2.0113|2.0113|1.8268|1.8268|2.7511|2.7511|2.4346|2.4346|1.5041|1.5041|1.3187|1.3187|0.5579|0.5579|0.2915|0.2915|0.1982|0.1982
1.207|7.4276|7.4276|31.6762|31.6762|55.9247|55.9247|55.9247|55.9247|45.8451|45.8451|35.7655|35.7655|91.1091|91.1091|146.4527|146.4527|83.2296|83.2296|16.9300|16.9300|8.8820|8.8820|4.8948|4.8948|4.0110|4.0110|2.5875|2.5875|2.9373|2.9373|2.7734|2.7734|2.1920|2.1920|5.2563|5.2563|1.8899|1.8899|2.8536|2.8536|2.9408|2.9408|1.7107|1.7107|2.6277|2.6277|2.3970|2.3970|2.2703|2.2703|1.4200|1.4200|0.9438|0.9438|0.4658|0.4658|0.2870|0.2870|0.1513|0.1513
1.231|32.2503|32.2503|42.7131|42.7131|53.1760|53.1760|53.1760|53.1760|81.8286|81.8286|110.4813|110.4813|151.4879|151.4879|192.4945|192.4945|116.7378|116.7378|26.2238|26.2238|15.1510|15.1510|4.6115|4.6115|4.2450|4.2450|4.4200|4.4200|2.7541|2.7541|2.0367|2.0367|2.0061|2.0061|2.6889|2.6889|1.9477|1.9477|2.2703|2.2703|1.8584|1.8584|1.6656|1.6656|1.5819|1.5819|2.1343|2.1343|1.5239|1.5239|1.0032|1.0032|0.7710|0.7710|0.3167|0.3167|0.2118|0.2118|0.1194|0.1194
1.254|17.5224|17.5224|32.1077|32.1077|46.6931|46.6931|46.6931|46.6931|56.3170|56.3170|65.9409|65.9409|39.9121|39.9121|13.8833|13.8833|20.0796|20.0796|27.8958|27.8958|19.7240|19.7240|11.3959|11.3959|8.3135|8.3135|6.6128|6.6128|5.4890|5.4890|4.5481|4.5481|3.1417|3.1417|3.5438|3.5438|2.5829|2.5829|2.2332|2.2332|1.8999|1.8999|1.4126|1.4126|1.7338|1.7338|1.7039|1.7039|1.4613|1.4613|0.8345|0.8345|0.6449|0.6449|0.3258|0.3258|0.2588|0.2588|0.1938|0.1938
1.277|3.6306|3.6306|34.4462|34.4462|65.2618|65.2618|65.2618|65.2618|41.9220|41.9220|18.5821|18.5821|26.7590|26.7590|34.9358|34.9358|23.4848|23.4848|12.1673|12.1673|8.5828|8.5828|4.7642|4.7642|2.3693|2.3693|1.7186|1.7186|2.3818|2.3818|1.3114|1.3114|1.1107|1.1107|1.2353|1.2353|1.9908|1.9908|1.0517|1.0517|1.4839|1.4839|1.0423|1.0423|1.5467|1.5467|1.1994|1.1994|1.0965|1.0965|0.7782|0.7782|0.5284|0.5284|0.1804|0.1804|0.1357|0.1357|0.0676|0.0676
1.300|8.0868|8.0868|19.8023|19.8023|31.5178|31.5178|31.5178|31.5178|55.9759|55.9759|80.4341|80.4341|72.9456|72.9456|65.4571|65.4571|40.9524|40.9524|15.3205|15.3205|11.3464|11.3464|7.9001|7.9001|4.5923|4.5923|3.1495|3.1495|2.9531|2.9531|2.5512|2.5512|2.1555|2.1555|1.7995|1.7995|1.8965|1.8965|1.4298|1.4298|1.5938|1.5938|1.3278|1.3278|1.2329|1.2329|1.3680|1.3680|1.1293|1.1293|0.6161|0.6161|0.5371|0.5371|0.2301|0.2301|0.1852|0.1852|0.1323|0.1323
1.324|27.5881|27.5881|33.4350|33.4350|39.2818|39.2818|39.2818|39.2818|28.0543|28.0543|16.8268|16.8268|46.5871|46.5871|76.3475|76.3475|45.6008|45.6008|17.6880|17.6880|19.7577|19.7577|21.4754|21.4754|20.6872|20.6872|22.5369|22.5369|14.7929|14.7929|5.7270|5.7270|7.8349|7.8349|5.0744|5.0744|6.9169|6.9169|5.0020|5.0020|10.3125|10.3125|6.4642|6.4642|7.7760|7.7760|8.6492|8.6492|8.6095|8.6095|4.4814|4.4814|3.3805|3.3805|1.9259|1.9259|1.4473|1.4473|0.8744|0.8744
1.347|0.2427|0.2427|4.6493|4.6493|9.0560|9.0560|9.0560|9.0560|34.8855|34.8855|60.7150|60.7150|73.2994|73.2994|85.8838|85.8838|52.9078|52.9078|12.7069|12.7069|22.6455|22.6455|16.2486|16.2486|15.1553|15.1553|19.6323|19.6323|30.4694|30.4694|11.8101|11.8101|29.4920|29.4920|19.8937|19.8937|12.9468|12.9468|15.3620|15.3620|13.1503|13.1503|8.8026|8.8026|8.5169|8.5169|10.9392|10.9392|5.5654|5.5654|4.1393|4.1393|3.4357|3.4357|1.8177|1.8177|1.3416|1.3416|0.8306|0.8306
1.370|11.0063|11.0063|10.5838|10.5838|10.1613|10.1613|10.1613|10.1613|17.3207|17.3207|24.4802|24.4802|25.1485|25.1485|25.8168|25.8168|15.1587|15.1587|6.3436|6.3436|7.6723|7.6723|6.5320|6.5320|4.9640|4.9640|4.1658|4.1658|17.9429|17.9429|11.1942|11.1942|20.9554|20.9554|21.6876|21.6876|14.4088|14.4088|10.5380|10.5380|11.1678|11.1678|9.3916|9.3916|10.3735|10.3735|10.5319|10.5319|7.9156|7.9156|6.0727|6.0727|3.6552|3.6552|2.0891|2.0891|1.5158|1.5158|0.8845|0.8845
1.393|4.5228|4.5228|11.9382|11.9382|19.3536|19.3536|19.3536|19.3536|27.4869|27.4869|35.6202|35.6202|19.5851|19.5851|3.5500|3.5500|4.9142|4.9142|8.5197|8.5197|9.5394|9.5394|5.3224|5.3224|3.9051|3.9051|4.4144|4.4144|9.1519|9.1519|5.0622|5.0622|19.3005|19.3005|15.1478|15.1478|9.3735|9.3735|8.1363|8.1363|6.5532|6.5532|8.3656|8.3656|10.7680|10.7680|14.1804|14.1804|8.6890|8.6890|6.2741|6.2741|3.6940|3.6940|1.8865|1.8865|1.4245|1.4245|0.8101|0.8101
1.416|2.4050|2.4050|9.1049|9.1049|15.8048|15.8048|15.8048|15.8048|11.8112|11.8112|7.8176|7.8176|10.6416|10.6416|13.4656|13.4656|9.4955|9.4955|6.1941|6.1941|7.2767|7.2767|2.8928|2.8928|4.3549|4.3549|3.7686|3.7686|5.2561|5.2561|2.2449|2.2449|10.4239|10.4239|8.3791|8.3791|6.2427|6.2427|5.8850|5.8850|6.2200|6.2200|6.3577|6.3577|11.6070|11.6070|12.2878|12.2878|7.4528|7.4528|5.3738|5.3738|3.1871|3.1871|1.5155|1.5155|1.0174|1.0174|0.7707|0.7707
1.440|8.2691|8.2691|9.1061|9.1061|9.9432|9.9432|9.9432|9.9432|10.8577|10.8577|11.7722|11.7722|24.7835|24.7835|37.7948|37.7948|49.7106|49.7106|70.8017|70.8017|57.3778|57.3778|18.4122|18.4122|12.2339|12.2339|10.0770|10.0770|12.6124|12.6124|14.0476|14.0476|15.4922|15.4922|14.6884|14.6884|11.4979|11.4979|8.7444|8.7444|9.7668|9.7668|7.3565|7.3565|9.0053|9.0053|11.1196|11.1196|8.1349|8.1349|5.7163|5.7163|2.7908|2.7908|1.9287|1.9287|2.0720|2.0720|0.9845|0.9845
1.463|8.5597|8.5597|11.9675|11.9675|15.3752|15.3752|15.3752|15.3752|27.8825|27.8825|40.3897|40.3897|103.6050|103.6050|166.8204|166.8204|117.2962|117.2962|67.5205|67.5205|36.4968|36.4968|8.2181|8.2181|6.8463|6.8463|7.2242|7.2242|7.4325|7.4325|9.2598|9.2598|7.6453|7.6453|7.9752|7.9752|5.7934|5.7934|4.4618|4.4618|4.5836|4.5836|5.7263|5.7263|7.8173|7.8173|7.6007|7.6007|5.9434|5.9434|3.5745|3.5745|2.1612|2.1612|0.9004|0.9004|0.8593|0.8593|0.6651|0.6651
1.486|26.3253|26.3253|38.1566|38.1566|49.9879|49.9879|49.9879|49.9879|137.5758|137.5758|225.1638|225.1638|139.4521|139.4521|53.7405|53.7405|33.9634|33.9634|32.1227|32.1227|26.7992|26.7992|15.1182|15.1182|5.9865|5.9865|2.6910|2.6910|8.4780|8.4780|4.5932|4.5932|4.9109|4.9109|7.6582|7.6582|3.9966|3.9966|3.7053|3.7053|5.2138|5.2138|5.4353|5.4353|6.0606|6.0606|7.1468|7.1468|5.7040|5.7040|3.2215|3.2215|1.9744|1.9744|0.8295|0.8295|0.7448|0.7448|0.5889|0.5889
1.509|36.1545|36.1545|54.2566|54.2566|72.3588|72.3588|72.3588|72.3588|92.7626|92.7626|113.1663|113.1663|97.4951|97.4951|81.8238|81.8238|51.8670|51.8670|23.6666|23.6666|13.7839|13.7839|5.6750|5.6750|6.7096|6.7096|6.3603|6.3603|4.4094|4.4094|5.2291|5.2291|4.2599|4.2599|4.0092|4.0092|2.7284|2.7284|3.4184|3.4184|3.8963|3.8963|4.4616|4.4616|4.7153|4.7153|4.0977|4.0977|4.6176|4.6176|3.0801|3.0801|1.7851|1.7851|0.8062|0.8062|0.7338|0.7338|0.5122|0.5122
1.533|0.4670|0.4670|24.8524|24.8524|49.2378|49.2378|49.2378|49.2378|73.5580|73.5580|97.8782|97.8782|75.7112|75.7112|53.5441|53.5441|29.9040|29.9040|11.7146|11.7146|14.0110|14.0110|5.4766|5.4766|6.2157|6.2157|7.6193|7.6193|6.5262|6.5262|3.7142|3.7142|3.1561|3.1561|3.8270|3.8270|2.1464|2.1464|3.7939|3.7939|4.7530|4.7530|3.9480|3.9480|5.0135|5.0135|6.7095|6.7095|4.1393|4.1393|2.7731|2.7731|1.6854|1.6854|0.6485|0.6485|0.6212|0.6212|0.5269|0.5269
1.556|11.9070|11.9070|18.0800|18.0800|24.2529|24.2529|24.2529|24.2529|73.4988|73.4988|122.7447|122.7447|80.9000|80.9000|39.0554|39.0554|37.1987|37.1987|35.8481|35.8481|20.8797|20.8797|4.9267|4.9267|2.8933|2.8933|2.4451|2.4451|5.7874|5.7874|4.1344|4.1344|2.9609|2.9609|4.2103|4.2103|3.9410|3.9410|3.9657|3.9657|3.9039|3.9039|4.0550|4.0550|7.0578|7.0578|9.3195|9.3195|11.0406|11.0406|7.0071|7.0071|6.4856|6.4856|3.4434|3.4434|1.7870|1.7870|0.8618|0.8618
1.579|11.5374|11.5374|8.5357|8.5357|5.5341|5.5341|5.5341|5.5341|5.1234|5.1234|4.7127|4.7127|13.7134|13.7134|22.7141|22.7141|18.1081|18.1081|12.4863|12.4863|7.4831|7.4831|2.5837|2.5837|1.9541|1.9541|1.4270|1.4270|2.7350|2.7350|2.9867|2.9867|3.9744|3.9744|4.3348|4.3348|3.3189|3.3189|2.2885|2.2885|3.4882|3.4882|2.9789|2.9789|5.9894|5.9894|7.5160|7.5160|7.3596|7.3596|5.8096|5.8096|4.8933|4.8933|2.4705|2.4705|1.0446|1.0446|0.5052|0.5052
1.602|2.2487|2.2487|3.3264|3.3264|4.4041|4.4041|4.4041|4.4041|2.9252|2.9252|1.4463|1.4463|3.4313|3.4313|5.4164|5.4164|3.8295|3.8295|1.5240|1.5240|2.6401|2.6401|2.1893|2.1893|1.9235|1.9235|1.2796|1.2796|2.3884|2.3884|2.1391|2.1391|3.8112|3.8112|3.1609|3.1609|2.2223|2.2223|2.1293|2.1293|2.2644|2.2644|2.4906|2.4906|4.2535|4.2535|7.1121|7.1121|5.5552|5.5552|4.0011|4.0011|3.3965|3.3965|1.6850|1.6850|0.7647|0.7647|0.4967|0.4967
1.625|2.0623|2.0623|3.0360|3.0360|4.0098|4.0098|4.0098|4.0098|3.0928|3.0928|2.1759|2.1759|2.2120|2.2120|2.2481|2.2481|1.8650|1.8650|1.6501|1.6501|0.9834|0.9834|0.6901|0.6901|0.9613|0.9613|1.1326|1.1326|1.9663|1.9663|1.9369|1.9369|3.4925|3.4925|3.1049|3.1049|1.8399|1.8399|1.2278|1.2278|1.4989|1.4989|1.6242|1.6242|3.1606|3.1606|5.2196|5.2196|3.3110|3.3110|2.9390|2.9390|2.4244|2.4244|1.2180|1.2180|0.6117|0.6117|0.3387|0.3387
1.649|0.0359|0.0359|1.2038|1.2038|2.3716|2.3716|2.3716|2.3716|4.0814|4.0814|5.7911|5.7911|4.7567|4.7567|3.7222|3.7222|3.7730|3.7730|3.3757|3.3757|2.3260|2.3260|1.6763|1.6763|1.3150|1.3150|0.8950|0.8950|1.7123|1.7123|1.1637|1.1637|1.7298|1.7298|2.4586|2.4586|1.6047|1.6047|1.1271|1.1271|0.9916|0.9916|1.0623|1.0623|2.4507|2.4507|4.2725|4.2725|3.6707|3.6707|2.6435|2.6435|1.8295|1.8295|0.9717|0.9717|0.5571|0.5571|0.3734|0.3734
1.672|9.9149|9.9149|12.9228|12.9228|15.9307|15.9307|15.9307|15.9307|26.5841|26.5841|37.2375|37.2375|40.9459|40.9459|44.6543|44.6543|33.9293|33.9293|38.0926|38.0926|57.6207|57.6207|32.7160|32.7160|19.9308|19.9308|18.1831|18.1831|26.2190|26.2190|16.4640|16.4640|14.3832|14.3832|15.1700|15.1700|13.5674|13.5674|10.5006|10.5006|13.7741|13.7741|10.4282|10.4282|15.1654|15.1654|12.9534|12.9534|7.3092|7.3092|5.1924|5.1924|3.7319|3.7319|1.6735|1.6735|0.7829|0.7829|0.3223|0.3223
1.695|4.1440|4.1440|13.9961|13.9961|23.8482|23.8482|23.8482|23.8482|20.9461|20.9461|18.0440|18.0440|11.8970|11.8970|5.7499|5.7499|7.4706|7.4706|8.8144|8.8144|7.4193|7.4193|7.1869|7.1869|6.0316|6.0316|7.2195|7.2195|9.1400|9.1400|8.3452|8.3452|8.0213|8.0213|11.5996|11.5996|9.6128|9.6128|8.9056|8.9056|10.8842|10.8842|8.9910|8.9910|11.0412|11.0412|10.8652|10.8652|7.2388|7.2388|5.3291|5.3291|3.3832|3.3832|1.3771|1.3771|0.5542|0.5542|0.3869|0.3869
1.718|2.4689|2.4689|5.3421|5.3421|8.2153|8.2153|8.2153|8.2153|8.7860|8.7860|9.3568|9.3568|5.7116|5.7116|2.0664|2.0664|3.0561|3.0561|2.7469|2.7469|2.2151|2.2151|2.1108|2.1108|2.6129|2.6129|1.2677|1.2677|4.2920|4.2920|4.1338|4.1338|4.8640|4.8640|4.9020|4.9020|3.7129|3.7129|4.0135|4.0135|4.6543|4.6543|5.0873|5.0873|7.8201|7.8201|7.3141|7.3141|4.7430|4.7430|2.8644|2.8644|2.0352|2.0352|0.6983|0.6983|0.2494|0.2494|0.1494|0.1494
1.741|7.6990|7.6990|4.5618|4.5618|1.4246|1.4246|1.4246|1.4246|2.1648|2.1648|2.9051|2.9051|3.6125|3.6125|4.3199|4.3199|3.7489|3.7489|3.7035|3.7035|3.9471|3.9471|2.2230|2.2230|2.1361|2.1361|3.2807|3.2807|3.9474|3.9474|2.9615|2.9615|2.2889|2.2889|3.6108|3.6108|2.8824|2.8824|2.8475|2.8475|3.0095|3.0095|2.2013|2.2013|3.4456|3.4456|5.2134|5.2134|3.3270|3.3270|1.6886|1.6886|0.9707|0.9707|0.4463|0.4463|0.1382|0.1382|0.1008|0.1008
1.765|13.8269|13.8269|16.3112|16.3112|18.7955|18.7955|18.7955|18.7955|17.4217|17.4217|16.0478|16.0478|17.9418|17.9418|19.8358|19.8358|21.4306|21.4306|17.8525|17.8525|22.9007|22.9007|27.9276|27.9276|19.5658|19.5658|20.0309|20.0309|21.6345|21.6345|20.6449|20.6449|18.9043|18.9043|16.4269|16.4269|11.8518|11.8518|10.0580|10.0580|10.2076|10.2076|5.9781|5.9781|8.7725|8.7725|6.9281|6.9281|7.9938|7.9938|5.3804|5.3804|2.9431|2.9431|1.8837|1.8837|1.4885|1.4885|0.8779|0.8779
1.788|12.0247|12.0247|16.4774|16.4774|20.9302|20.9302|20.9302|20.9302|45.3010|45.3010|69.6717|69.6717|153.8707|153.8707|238.0697|238.0697|140.0755|140.0755|90.0913|90.0913|82.3146|82.3146|27.0237|27.0237|14.5004|14.5004|11.9800|11.9800|9.9797|9.9797|7.9183|7.9183|6.2613|6.2613|5.4341|5.4341|5.9679|5.9679|4.8401|4.8401|3.7541|3.7541|3.2224|3.2224|4.0846|4.0846|3.6882|3.6882|2.7828|2.7828|2.1821|2.1821|1.3904|1.3904|0.6645|0.6645|0.2919|0.2919|0.2154|0.2154
1.811|28.5432|28.5432|55.6175|55.6175|82.6918|82.6918|82.6918|82.6918|145.7932|145.7932|208.8947|208.8947|153.1548|153.1548|97.4150|97.4150|101.7955|101.7955|56.8686|56.8686|21.4228|21.4228|17.2723|17.2723|10.9263|10.9263|12.4766|12.4766|8.0959|8.0959|4.6825|4.6825|5.8365|5.8365|8.2596|8.2596|4.4131|4.4131|3.1343|3.1343|3.6373|3.6373|2.5326|2.5326|3.2719|3.2719|3.4829|3.4829|2.7080|2.7080|1.8168|1.8168|1.1836|1.1836|0.7126|0.7126|0.3655|0.3655|0.2732|0.2732
1.834|80.9663|80.9663|94.4791|94.4791|107.9919|107.9919|107.9919|107.9919|113.2772|113.2772|118.5625|118.5625|154.1678|154.1678|189.7732|189.7732|139.4035|139.4035|68.5471|68.5471|20.6523|20.6523|6.3189|6.3189|7.4111|7.4111|6.1784|6.1784|3.9596|3.9596|2.7065|2.7065|2.6693|2.6693|4.2103|4.2103|3.0007|3.0007|1.8402|1.8402|2.5146|2.5146|1.8659|1.8659|2.1204|2.1204|2.3818|2.3818|2.2321|2.2321|1.4351|1.4351|1.1850|1.1850|0.5013|0.5013|0.2511|0.2511|0.1444|0.1444
1.858|26.4405|26.4405|39.8733|39.8733|53.3060|53.3060|53.3060|53.3060|41.6699|41.6699|30.0337|30.0337|56.5784|56.5784|83.1232|83.1232|65.6852|65.6852|50.1710|50.1710|31.0631|31.0631|16.9738|16.9738|12.7919|12.7919|10.3998|10.3998|8.5837|8.5837|5.6193|5.6193|4.4091|4.4091|5.2667|5.2667|4.5269|4.5269|3.7233|3.7233|3.0117|3.0117|1.9947|1.9947|2.2315|2.2315|3.1978|3.1978|2.2869|2.2869|1.8777|1.8777|1.3479|1.3479|0.7288|0.7288|0.4571|0.4571|0.3956|0.3956
1.881|48.2964|48.2964|53.9442|53.9442|59.5920|59.5920|59.5920|59.5920|67.3706|67.3706|75.1491|75.1491|130.1069|130.1069|185.0646|185.0646|105.8957|105.8957|14.2702|14.2702|8.0727|8.0727|5.2813|5.2813|4.1801|4.1801|3.1518|3.1518|3.0596|3.0596|2.9019|2.9019|1.6022|1.6022|4.5113|4.5113|1.9016|1.9016|2.5623|2.5623|2.1927|2.1927|1.8350|1.8350|2.3844|2.3844|2.1850|2.1850|2.1164|2.1164|1.1818|1.1818|0.8745|0.8745|0.3865|0.3865|0.2715|0.2715|0.1370|0.1370
1.904|20.0538|20.0538|31.5392|31.5392|43.0247|43.0247|43.0247|43.0247|78.2077|78.2077|113.3907|113.3907|111.9508|111.9508|110.5109|110.5109|78.7174|78.7174|37.0539|37.0539|26.8609|26.8609|19.1022|19.1022|13.0114|13.0114|10.1837|10.1837|7.5562|7.5562|5.8842|5.8842|4.6718|4.6718|4.6472|4.6472|2.6638|2.6638|2.7130|2.7130|2.2793|2.2793|1.9538|1.9538|1.8009|1.8009|2.1225|2.1225|1.5641|1.5641|1.0365|1.0365|0.8461|0.8461|0.4620|0.4620|0.3419|0.3419|0.3002|0.3002
1.927|19.8140|19.8140|25.6175|25.6175|31.4211|31.4211|31.4211|31.4211|54.8428|54.8428|78.2644|78.2644|56.4692|56.4692|34.6741|34.6741|20.1981|20.1981|12.6807|12.6807|11.0701|11.0701|7.3604|7.3604|4.7308|4.7308|4.8623|4.8623|3.6500|3.6500|1.6978|1.6978|1.2910|1.2910|2.0752|2.0752|2.3714|2.3714|1.5996|1.5996|1.5091|1.5091|1.1903|1.1903|1.6331|1.6331|1.3634|1.3634|1.3579|1.3579|0.8428|0.8428|0.6997|0.6997|0.2619|0.2619|0.1960|0.1960|0.1376|0.1376
1.950|12.0728|12.0728|27.2306|27.2306|42.3885|42.3885|42.3885|42.3885|49.4260|49.4260|56.4634|56.4634|38.3763|38.3763|20.2891|20.2891|17.5076|17.5076|13.5467|13.5467|8.3530|8.3530|7.4660|7.4660|5.2535|5.2535|3.3872|3.3872|3.1887|3.1887|1.7443|1.7443|1.6191|1.6191|2.0271|2.0271|2.2824|2.2824|1.3579|1.3579|1.6200|1.6200|0.9666|0.9666|1.3481|1.3481|1.1681|1.1681|1.1524|1.1524|0.7236|0.7236|0.5954|0.5954|0.2403|0.2403|0.1922|0.1922|0.1410|0.1410
1.974|0.4207|0.4207|10.4495|10.4495|20.4783|20.4783|20.4783|20.4783|58.9400|58.9400|97.4018|97.4018|79.8966|79.8966|62.3914|62.3914|32.7517|32.7517|6.7144|6.7144|5.5483|5.5483|1.6966|1.6966|0.6900|0.6900|0.6825|0.6825|1.6035|1.6035|1.0661|1.0661|1.0740|1.0740|1.6800|1.6800|1.3879|1.3879|1.6451|1.6451|1.0669|1.0669|0.8204|0.8204|1.2068|1.2068|1.4495|1.4495|1.0765|1.0765|0.6358|0.6358|0.4775|0.4775|0.1974|0.1974|0.1340|0.1340|0.0665|0.0665
1.997|4.9611|4.9611|19.8203|19.8203|34.6795|34.6795|34.6795|34.6795|48.2351|48.2351|61.7907|61.7907|83.2793|83.2793|104.7680|104.7680|57.0446|57.0446|8.5357|8.5357|14.6202|14.6202|10.4796|10.4796|4.4135|4.4135|10.6452|10.6452|18.0307|18.0307|14.5342|14.5342|10.9072|10.9072|9.1213|9.1213|6.2527|6.2527|3.7873|3.7873|5.5278|5.5278|4.7143|4.7143|5.7718|5.7718|7.5941|7.5941|9.7361|9.7361|4.4526|4.4526|4.2801|4.2801|3.7205|3.7205|2.0537|2.0537|1.1959|1.1959
2.020|0.0307|0.0307|5.0268|5.0268|10.0228|10.0228|10.0228|10.0228|10.6890|10.6890|11.3553|11.3553|30.3649|30.3649|49.3746|49.3746|39.6763|39.6763|20.8767|20.8767|11.0751|11.0751|5.9772|5.9772|3.5471|3.5471|3.8167|3.8167|10.9861|10.9861|11.7841|11.7841|8.6191|8.6191|5.9221|5.9221|5.8569|5.8569|3.2012|3.2012|1.8304|1.8304|3.0459|3.0459|4.6789|4.6789|7.2822|7.2822|6.1115|6.1115|4.9288|4.9288|5.2257|5.2257|2.7230|2.7230|0.9902|0.9902|0.4402|0.4402
2.043|9.7512|9.7512|15.9236|15.9236|22.0959|22.0959|22.0959|22.0959|25.9716|25.9716|29.8473|29.8473|26.1179|26.1179|22.3885|22.3885|20.8824|20.8824|18.0971|18.0971|8.3646|8.3646|2.7605|2.7605|2.5726|2.5726|2.6224|2.6224|4.6650|4.6650|7.4336|7.4336|3.1717|3.1717|4.2330|4.2330|3.7101|3.7101|2.6325|2.6325|1.8006|1.8006|2.9540|2.9540|5.0307|5.0307|7.2693|7.2693|6.0437|6.0437|5.2504|5.2504|3.7997|3.7997|1.7882|1.7882|0.7999|0.7999|0.4651|0.4651
2.067|4.8859|4.8859|9.9714|9.9714|15.0568|15.0568|15.0568|15.0568|16.9780|16.9780|18.8992|18.8992|16.1170|16.1170|13.3348|13.3348|10.3068|10.3068|7.2613|7.2613|4.1876|4.1876|3.1646|3.1646|3.1901|3.1901|3.1212|3.1212|4.0312|4.0312|3.6627|3.6627|3.3036|3.3036|4.5948|4.5948|2.6798|2.6798|2.2742|2.2742|3.0968|3.0968|3.2785|3.2785|4.3252|4.3252|7.6625|7.6625|5.1064|5.1064|4.8984|4.8984|3.8841|3.8841|1.6017|1.6017|0.7578|0.7578|0.4514|0.4514
2.090|0.9807|0.9807|0.6315|0.6315|0.2824|0.2824|0.2824|0.2824|0.3900|0.3900|0.4977|0.4977|3.8741|3.8741|7.2505|7.2505|5.4611|5.4611|3.9838|3.9838|4.8067|4.8067|1.8590|1.8590|2.0135|2.0135|1.7349|1.7349|2.6401|2.6401|4.3178|4.3178|2.2860|2.2860|4.5933|4.5933|2.1215|2.1215|2.3585|2.3585|3.1516|3.1516|2.9938|2.9938|4.6906|4.6906|8.1352|8.1352|6.3411|6.3411|4.8453|4.8453|3.5499|3.5499|1.7777|1.7777|0.8433|0.8433|0.4637|0.4637
2.113|1.3384|1.3384|2.0203|2.0203|2.7021|2.7021|2.7021|2.7021|3.3526|3.3526|4.0030|4.0030|2.4747|2.4747|0.9464|0.9464|2.4578|2.4578|3.4767|3.4767|1.7204|1.7204|0.9564|0.9564|1.6503|1.6503|1.6436|1.6436|2.0023|2.0023|1.4647|1.4647|1.6539|1.6539|4.4231|4.4231|2.2809|2.2809|2.3691|2.3691|2.5025|2.5025|3.0588|3.0588|4.3961|4.3961|5.8663|5.8663|5.0895|5.0895|3.1598|3.1598|2.9721|2.9721|1.4340|1.4340|0.7257|0.7257|0.3907|0.3907
2.136|0.5538|0.5538|0.8726|0.8726|1.1914|1.1914|1.1914|1.1914|1.8260|1.8260|2.4605|2.4605|3.4577|3.4577|4.4549|4.4549|2.7291|2.7291|1.9639|1.9639|1.8615|1.8615|0.5712|0.5712|0.9897|0.9897|1.6196|1.6196|1.8440|1.8440|2.5321|2.5321|1.8658|1.8658|2.3463|2.3463|1.5919|1.5919|2.2881|2.2881|2.3982|2.3982|2.8384|2.8384|3.9663|3.9663|4.5230|4.5230|4.0741|4.0741|2.4749|2.4749|2.6847|2.6847|0.9386|0.9386|0.6408|0.6408|0.3784|0.3784
2.159|0.6213|0.6213|0.8332|0.8332|1.0452|1.0452|1.0452|1.0452|1.5191|1.5191|1.9929|1.9929|1.3256|1.3256|0.6583|0.6583|0.7915|0.7915|0.9984|0.9984|0.6355|0.6355|0.5524|0.5524|0.7076|0.7076|0.7957|0.7957|1.6476|1.6476|1.8787|1.8787|1.0267|1.0267|2.4041|2.4041|2.5503|2.5503|2.2900|2.2900|2.6017|2.6017|2.6741|2.6741|3.2186|3.2186|4.1292|4.1292|3.0120|3.0120|2.4947|2.4947|1.7175|1.7175|0.7256|0.7256|0.4307|0.4307|0.2903|0.2903
2.183|1.3358|1.3358|1.8529|1.8529|2.3701|2.3701|2.3701|2.3701|1.5532|1.5532|0.7362|0.7362|0.6247|0.6247|0.5131|0.5131|0.4161|0.4161|0.4708|0.4708|0.5893|0.5893|0.3044|0.3044|0.6436|0.6436|1.4955|1.4955|0.8631|0.8631|1.5357|1.5357|1.3331|1.3331|1.4374|1.4374|1.8746|1.8746|1.6335|1.6335|3.0778|3.0778|2.2027|2.2027|2.9851|2.9851|3.3971|3.3971|2.8103|2.8103|2.2589|2.2589|1.3705|1.3705|0.6169|0.6169|0.3288|0.3288|0.1814|0.1814
2.206|16.8334|16.8334|16.8162|16.8162|16.7990|16.7990|16.7990|16.7990|16.2269|16.2269|15.6549|15.6549|13.5243|13.5243|11.3937|11.3937|9.9712|9.9712|8.4254|8.4254|6.5905|6.5905|5.8103|5.8103|3.4199|3.4199|4.3960|4.3960|8.0110|8.0110|6.6981|6.6981|6.1225|6.1225|7.7402|7.7402|4.8759|4.8759|6.1272|6.1272|7.5410|7.5410|6.0222|6.0222|8.5745|8.5745|6.4084|6.4084|8.2037|8.2037|6.0439|6.0439|3.7040|3.7040|2.5307|2.5307|1.7603|1.7603|1.7631|1.7631
2.229|17.6722|17.6722|11.4790|11.4790|5.2858|5.2858|5.2858|5.2858|20.9344|20.9344|36.5831|36.5831|45.6436|45.6436|54.7041|54.7041|30.5652|30.5652|10.7841|10.7841|34.4729|34.4729|43.5276|43.5276|23.5505|23.5505|16.7298|16.7298|34.3214|34.3214|13.4144|13.4144|26.4669|26.4669|24.0568|24.0568|15.8157|15.8157|15.4019|15.4019|13.6409|13.6409|9.6380|9.6380|8.0601|8.0601|11.5707|11.5707|7.1145|7.1145|4.4995|4.4995|3.6111|3.6111|2.1257|2.1257|1.7217|1.7217|0.9984|0.9984
2.252|9.1309|9.1309|13.3090|13.3090|17.4871|17.4871|17.4871|17.4871|34.6728|34.6728|51.8586|51.8586|32.2154|32.2154|12.5723|12.5723|10.1036|10.1036|3.9301|3.9301|5.0726|5.0726|11.0824|11.0824|6.6334|6.6334|9.1771|9.1771|19.9837|19.9837|11.6032|11.6032|20.6810|20.6810|21.4240|21.4240|14.7657|14.7657|11.5402|11.5402|10.3768|10.3768|9.5100|9.5100|9.5084|9.5084|10.6179|10.6179|8.2929|8.2929|5.1100|5.1100|3.8180|3.8180|2.2004|2.2004|1.4311|1.4311|0.9282|0.9282
2.276|1.3907|1.3907|11.7771|11.7771|22.1634|22.1634|22.1634|22.1634|17.2017|17.2017|12.2399|12.2399|10.3738|10.3738|8.5076|8.5076|9.8438|9.8438|8.5783|8.5783|6.6457|6.6457|3.5079|3.5079|2.4814|2.4814|4.1340|4.1340|10.7869|10.7869|6.2089|6.2089|21.2019|21.2019|15.7422|15.7422|9.1173|9.1173|8.3757|8.3757|6.6035|6.6035|9.1618|9.1618|12.7373|12.7373|14.5116|14.5116|8.3690|8.3690|6.6834|6.6834|3.5795|3.5795|1.9466|1.9466|1.3613|1.3613|0.7127|0.7127
2.299|4.2757|4.2757|10.3876|10.3876|16.4994|16.4994|16.4994|16.4994|13.4918|13.4918|10.4841|10.4841|8.1061|8.1061|5.7281|5.7281|4.5525|4.5525|3.9903|3.9903|7.7217|7.7217|5.2517|5.2517|4.4371|4.4371|3.5905|3.5905|6.7605|6.7605|4.8671|4.8671|11.0402|11.0402|9.0687|9.0687|8.5817|8.5817|6.2433|6.2433|5.9482|5.9482|7.8389|7.8389|10.6735|10.6735|12.8395|12.8395|8.9830|8.9830|6.5174|6.5174|3.7535|3.7535|1.7517|1.7517|1.2635|1.2635|0.9192|0.9192
2.322|5.2417|5.2417|8.4349|8.4349|11.6281|11.6281|11.6281|11.6281|6.9434|6.9434|2.2588|2.2588|5.2986|5.2986|8.3384|8.3384|7.0762|7.0762|4.9837|4.9837|6.4220|6.4220|2.8784|2.8784|2.5573|2.5573|4.0705|4.0705|4.8112|4.8112|5.2189|5.2189|7.7334|7.7334|5.5392|5.5392|6.5441|6.5441|3.6454|3.6454|5.5114|5.5114|6.0278|6.0278|9.2600|9.2600|10.6011|10.6011|6.3444|6.3444|3.6679|3.6679|2.2730|2.2730|1.0432|1.0432|0.8931|0.8931|0.6584|0.6584
2.345|1.4042|1.4042|7.6892|7.6892|13.9742|13.9742|13.9742|13.9742|12.3824|12.3824|10.7906|10.7906|9.7766|9.7766|8.7626|8.7626|5.8192|5.8192|7.8919|7.8919|12.8698|12.8698|4.3661|4.3661|3.6604|3.6604|3.2817|3.2817|5.5548|5.5548|3.9115|3.9115|5.0626|5.0626|7.0702|7.0702|3.5617|3.5617|3.8405|3.8405|3.6032|3.6032|6.3087|6.3087|7.8594|7.8594|8.1490|8.1490|6.1364|6.1364|3.5920|3.5920|2.1526|2.1526|0.9196|0.9196|0.9591|0.9591|0.6816|0.6816
2.368|5.4174|5.4174|6.8467|6.8467|8.2760|8.2760|8.2760|8.2760|6.7544|6.7544|5.2328|5.2328|3.5397|3.5397|1.8466|1.8466|4.6080|4.6080|4.6207|4.6207|7.7044|7.7044|3.7741|3.7741|3.4364|3.4364|1.6739|1.6739|5.1001|5.1001|3.4621|3.4621|2.4143|2.4143|4.2162|4.2162|2.8336|2.8336|4.0766|4.0766|5.0962|5.0962|5.3594|5.3594|6.0882|6.0882|7.6088|7.6088|5.2624|5.2624|3.3344|3.3344|2.0203|2.0203|0.8053|0.8053|0.8114|0.8114|0.7006|0.7006
2.392|1.8374|1.8374|4.6705|4.6705|7.5036|7.5036|7.5036|7.5036|6.9278|6.9278|6.3521|6.3521|5.5318|5.5318|4.7116|4.7116|4.4061|4.4061|4.2070|4.2070|4.9132|4.9132|3.7867|3.7867|2.0591|2.0591|2.1265|2.1265|4.3067|4.3067|3.9925|3.9925|2.6317|2.6317|3.0954|3.0954|2.2904|2.2904|3.1520|3.1520|4.2916|4.2916|5.0174|5.0174|5.3551|5.3551|4.7496|4.7496|4.8497|4.8497|2.3920|2.3920|1.5546|1.5546|0.6839|0.6839|0.5470|0.5470|0.3929|0.3929
2.415|6.7893|6.7893|7.6181|7.6181|8.4470|8.4470|8.4470|8.4470|4.6716|4.6716|0.8962|0.8962|1.4913|1.4913|2.0864|2.0864|4.9260|4.9260|5.4634|5.4634|6.9782|6.9782|4.9908|4.9908|2.8418|2.8418|2.2831|2.2831|3.3846|3.3846|3.3271|3.3271|2.4096|2.4096|3.6929|3.6929|2.3160|2.3160|3.2207|3.2207|4.0146|4.0146|3.6585|3.6585|4.7861|4.7861|7.0192|7.0192|3.8254|3.8254|2.4350|2.4350|1.6027|1.6027|0.6336|0.6336|0.6565|0.6565|0.5194|0.5194
2.438|9.9275|9.9275|10.3828|10.3828|10.8380|10.8380|10.8380|10.8380|8.9662|8.9662|7.0943|7.0943|10.4566|10.4566|13.8189|13.8189|11.5842|11.5842|6.9680|6.9680|5.4187|5.4187|5.5334|5.5334|2.9515|2.9515|2.9411|2.9411|3.5120|3.5120|4.8672|4.8672|4.7813|4.7813|6.7804|6.7804|5.6200|5.6200|4.7223|4.7223|4.9479|4.9479|6.8583|6.8583|6.4666|6.4666|7.3704|7.3704|9.2245|9.2245|6.6187|6.6187|5.2652|5.2652|3.3092|3.3092|1.4272|1.4272|0.7072|0.7072
2.461|10.0045|10.0045|7.7136|7.7136|5.4226|5.4226|5.4226|5.4226|5.5089|5.5089|5.5952|5.5952|3.8696|3.8696|2.1440|2.1440|1.6274|1.6274|0.8345|0.8345|1.9388|1.9388|4.9647|4.9647|4.5250|4.5250|3.3351|3.3351|5.3032|5.3032|3.1506|3.1506|4.7727|4.7727|4.2038|4.2038|4.4131|4.4131|3.2470|3.2470|2.7532|2.7532|2.8908|2.8908|5.3056|5.3056|9.6920|9.6920|9.2364|9.2364|7.1982|7.1982|4.6022|4.6022|2.5580|2.5580|1.2552|1.2552|0.4965|0.4965
2.485|2.5378|2.5378|4.1798|4.1798|5.8218|5.8218|5.8218|5.8218|3.6268|3.6268|1.4319|1.4319|2.9580|2.9580|4.4842|4.4842|3.5302|3.5302|2.4063|2.4063|3.0859|3.0859|2.4666|2.4666|2.4104|2.4104|2.7928|2.7928|3.1905|3.1905|2.2162|2.2162|3.3770|3.3770|3.7023|3.7023|3.3618|3.3618|3.5424|3.5424|2.6460|2.6460|2.4583|2.4583|4.2494|4.2494|7.6166|7.6166|8.0007|8.0007|6.0076|6.0076|4.4246|4.4246|1.7561|1.7561|0.7831|0.7831|0.3392|0.3392
2.508|1.7212|1.7212|3.6958|3.6958|5.6704|5.6704|5.6704|5.6704|4.6312|4.6312|3.5920|3.5920|3.1241|3.1241|2.6563|2.6563|2.2051|2.2051|1.6797|1.6797|2.1715|2.1715|1.6819|1.6819|1.8845|1.8845|2.4508|2.4508|2.3464|2.3464|2.9377|2.9377|3.3868|3.3868|4.1005|4.1005|1.9722|1.9722|1.2847|1.2847|1.7741|1.7741|2.2058|2.2058|3.1735|3.1735|4.6117|4.6117|5.7648|5.7648|4.1063|4.1063|2.9206|2.9206|1.4241|1.4241|0.6462|0.6462|0.3209|0.3209
2.531|1.4576|1.4576|0.9371|0.9371|0.4167|0.4167|0.4167|0.4167|2.0569|2.0569|3.6970|3.6970|2.4807|2.4807|1.2643|1.2643|1.5256|1.5256|1.7825|1.7825|1.1372|1.1372|1.0740|1.0740|1.2330|1.2330|0.5546|0.5546|1.5876|1.5876|1.9272|1.9272|2.0991|2.0991|1.7146|1.7146|1.6841|1.6841|1.0886|1.0886|0.9068|0.9068|1.2868|1.2868|1.9930|1.9930|3.3413|3.3413|3.6945|3.6945|3.0956|3.0956|2.0531|2.0531|1.0400|1.0400|0.4551|0.4551|0.1995|0.1995
2.554|20.4162|20.4162|19.8082|19.8082|19.2001|19.2001|19.2001|19.2001|15.5951|15.5951|11.9902|11.9902|12.6613|12.6613|13.3324|13.3324|20.3071|20.3071|34.6304|34.6304|73.5518|73.5518|46.2662|46.2662|21.1035|21.1035|11.3729|11.3729|23.3470|23.3470|10.0955|10.0955|11.1021|11.1021|14.5532|14.5532|10.0658|10.0658|7.5554|7.5554|9.0574|9.0574|11.6199|11.6199|9.4961|9.4961|7.7966|7.7966|8.1718|8.1718|5.3612|5.3612|3.1947|3.1947|1.5666|1.5666|0.8569|0.8569|0.4303|0.4303
2.577|36.2621|36.2621|20.5066|20.5066|4.7511|4.7511|4.7511|4.7511|13.6751|13.6751|22.5991|22.5991|13.8757|13.8757|5.1522|5.1522|4.0720|4.0720|12.3842|12.3842|24.7489|24.7489|17.5845|17.5845|11.2132|11.2132|10.8462|10.8462|17.0357|17.0357|9.4058|9.4058|12.9202|12.9202|17.5197|17.5197|10.1620|10.1620|8.3129|8.3129|10.1368|10.1368|13.2062|13.2062|11.8511|11.8511|14.0137|14.0137|9.4240|9.4240|4.7538|4.7538|3.4902|3.4902|1.6044|1.6044|0.6089|0.6089|0.3036|0.3036
2.601|1.0822|1.0822|3.3313|3.3313|5.5804|5.5804|5.5804|5.5804|4.6467|4.6467|3.7130|3.7130|7.7383|7.7383|11.7637|11.7637|6.3713|6.3713|4.9365|4.9365|6.1582|6.1582|4.6792|4.6792|3.5361|3.5361|2.8179|2.8179|7.7631|7.7631|7.4239|7.4239|6.3861|6.3861|10.1374|10.1374|4.7573|4.7573|6.0198|6.0198|6.3899|6.3899|8.9451|8.9451|10.4881|10.4881|8.3503|8.3503|7.1564|7.1564|4.0697|4.0697|2.3872|2.3872|1.0310|1.0310|0.3645|0.3645|0.1931|0.1931
2.624|11.1363|11.1363|9.0507|9.0507|6.9651|6.9651|6.9651|6.9651|5.6976|5.6976|4.4300|4.4300|6.7018|6.7018|8.9735|8.9735|7.8705|7.8705|4.7149|4.7149|5.3061|5.3061|4.9736|4.9736|3.1803|3.1803|2.8027|2.8027|6.0178|6.0178|4.4131|4.4131|4.5660|4.5660|5.4251|5.4251|3.1009|3.1009|3.9859|3.9859|6.6601|6.6601|7.0774|7.0774|7.0574|7.0574|6.4276|6.4276|4.6148|4.6148|2.5116|2.5116|1.3764|1.3764|0.6358|0.6358|0.2444|0.2444|0.1819|0.1819
2.647|2.8174|2.8174|2.2827|2.2827|1.7479|1.7479|1.7479|1.7479|2.0936|2.0936|2.4394|2.4394|2.4301|2.4301|2.4209|2.4209|4.3672|4.3672|4.7114|4.7114|5.1610|5.1610|1.8943|1.8943|2.1605|2.1605|3.2779|3.2779|5.0447|5.0447|4.9023|4.9023|3.6368|3.6368|5.0230|5.0230|2.9501|2.9501|3.4538|3.4538|5.2617|5.2617|5.0898|5.0898|5.4978|5.4978|5.1982|5.1982|4.7929|4.7929|2.0297|2.0297|1.5758|1.5758|0.6234|0.6234|0.2229|0.2229|0.0933|0.0933
2.670|2.5042|2.5042|5.6189|5.6189|8.7336|8.7336|8.7336|8.7336|6.2781|6.2781|3.8226|3.8226|3.5299|3.5299|3.2372|3.2372|3.2560|3.2560|3.5731|3.5731|3.7755|3.7755|2.5622|2.5622|4.2146|4.2146|3.2241|3.2241|4.3254|4.3254|3.8983|3.8983|5.2309|5.2309|5.9204|5.9204|3.9461|3.9461|3.6568|3.6568|3.6862|3.6862|5.7262|5.7262|6.4965|6.4965|8.9381|8.9381|9.6713|9.6713|7.1400|7.1400|5.7187|5.7187|3.7316|3.7316|1.4974|1.4974|0.6451|0.6451
2.694|1.4385|1.4385|1.7377|1.7377|2.0369|2.0369|2.0369|2.0369|2.7364|2.7364|3.4358|3.4358|2.6611|2.6611|1.8864|1.8864|1.9036|1.9036|1.4167|1.4167|3.5159|3.5159|2.8692|2.8692|3.1633|3.1633|2.1351|2.1351|3.8557|3.8557|3.5869|3.5869|3.8416|3.8416|3.5645|3.5645|2.8167|2.8167|2.2928|2.2928|2.7546|2.7546|2.8478|2.8478|4.0178|4.0178|5.8125|5.8125|7.0186|7.0186|5.3304|5.3304|3.5757|3.5757|1.5451|1.5451|0.6780|0.6780|0.2625|0.2625
2.717|4.9628|4.9628|4.0212|4.0212|3.0795|3.0795|3.0795|3.0795|3.1985|3.1985|3.3175|3.3175|2.2118|2.2118|1.1061|1.1061|1.8787|1.8787|1.9774|1.9774|3.2797|3.2797|2.3052|2.3052|2.3378|2.3378|1.4457|1.4457|2.1077|2.1077|2.2096|2.2096|1.7176|1.7176|2.4588|2.4588|1.9658|1.9658|1.1687|1.1687|1.4227|1.4227|1.6786|1.6786|2.8195|2.8195|3.9883|3.9883|5.6609|5.6609|3.8355|3.8355|2.9658|2.9658|1.3722|1.3722|0.6376|0.6376|0.3151|0.3151
2.740|0.5012|0.5012|0.8842|0.8842|1.2672|1.2672|1.2672|1.2672|1.8613|1.8613|2.4554|2.4554|1.8256|1.8256|1.1958|1.1958|0.9434|0.9434|0.4149|0.4149|1.0666|1.0666|0.3702|0.3702|0.7573|0.7573|0.7872|0.7872|1.8548|1.8548|1.9216|1.9216|1.5133|1.5133|1.1636|1.1636|1.1938|1.1938|0.5707|0.5707|0.8468|0.8468|1.1340|1.1340|2.0555|2.0555|3.2201|3.2201|3.1699|3.1699|2.4869|2.4869|1.8712|1.8712|0.9142|0.9142|0.4078|0.4078|0.1757|0.1757
2.763|15.3586|15.3586|15.8133|15.8133|16.2679|16.2679|16.2679|16.2679|18.5915|18.5915|20.9152|20.9152|23.5860|23.5860|26.2568|26.2568|27.0694|27.0694|26.2838|26.2838|21.6972|21.6972|17.1719|17.1719|8.5275|8.5275|6.4749|6.4749|12.1775|12.1775|9.1925|9.1925|2.7921|2.7921|8.3343|8.3343|7.5044|7.5044|7.1596|7.1596|3.9049|3.9049|4.2368|4.2368|5.8853|5.8853|7.1159|7.1159|4.6000|4.6000|2.8224|2.8224|1.8652|1.8652|1.0307|1.0307|0.5121|0.5121|0.3495|0.3495
2.786|13.8453|13.8453|16.3421|16.3421|18.8389|18.8389|18.8389|18.8389|25.5257|25.5257|32.2124|32.2124|33.6098|33.6098|35.0071|35.0071|23.2058|23.2058|24.4855|24.4855|45.8156|45.8156|30.0403|30.0403|23.0479|23.0479|14.3897|14.3897|26.7112|26.7112|16.7819|16.7819|14.6291|14.6291|15.0157|15.0157|15.8317|15.8317|9.2457|9.2457|14.5051|14.5051|10.8931|10.8931|13.4479|13.4479|12.2866|12.2866|7.5885|7.5885|5.5476|5.5476|3.4888|3.4888|1.6398|1.6398|0.7801|0.7801|0.4513|0.4513
2.810|8.9190|8.9190|10.7415|10.7415|12.5640|12.5640|12.5640|12.5640|14.1449|14.1449|15.7258|15.7258|15.4042|15.4042|15.0825|15.0825|12.1287|12.1287|6.7380|6.7380|4.5790|4.5790|6.0431|6.0431|6.6840|6.6840|4.9458|4.9458|7.4551|7.4551|8.6834|8.6834|8.4334|8.4334|10.7402|10.7402|9.3134|9.3134|6.8687|6.8687|10.1245|10.1245|8.0069|8.0069|11.6352|11.6352|10.6553|10.6553|7.2800|7.2800|4.8378|4.8378|3.1043|3.1043|1.2064|1.2064|0.4050|0.4050|0.2015|0.2015
2.833|1.8497|1.8497|2.6426|2.6426|3.4355|3.4355|3.4355|3.4355|4.6119|4.6119|5.7882|5.7882|5.5647|5.5647|5.3412|5.3412|5.0762|5.0762|3.5420|3.5420|2.6776|2.6776|2.6577|2.6577|2.4620|2.4620|0.9723|0.9723|4.5643|4.5643|3.9446|3.9446|4.3214|4.3214|5.4906|5.4906|3.6789|3.6789|4.0708|4.0708|5.3639|5.3639|4.2201|4.2201|6.5528|6.5528|7.3267|7.3267|4.1448|4.1448|2.8102|2.8102|1.8367|1.8367|0.6134|0.6134|0.1931|0.1931|0.0956|0.0956
2.856|7.3413|7.3413|3.8071|3.8071|0.2729|0.2729|0.2729|0.2729|1.1304|1.1304|1.9879|1.9879|3.4146|3.4146|4.8412|4.8412|4.0914|4.0914|3.9019|3.9019|4.0482|4.0482|2.6712|2.6712|2.5269|2.5269|3.7651|3.7651|3.0565|3.0565|2.7067|2.7067|2.1634|2.1634|3.4122|3.4122|2.5687|2.5687|2.4051|2.4051|2.8036|2.8036|2.0564|2.0564|3.3546|3.3546|4.8969|4.8969|3.2025|3.2025|1.5764|1.5764|0.9191|0.9191|0.4210|0.4210|0.1242|0.1242|0.0860|0.0860
2.879|29.2865|29.2865|24.4702|24.4702|19.6540|19.6540|19.6540|19.6540|12.8068|12.8068|5.9596|5.9596|6.2828|6.2828|6.6060|6.6060|17.1209|17.1209|44.5733|44.5733|66.4803|66.4803|53.0160|53.0160|20.4964|20.4964|12.6889|12.6889|22.3311|22.3311|13.4903|13.4903|11.1637|11.1637|11.8320|11.8320|7.4423|7.4423|7.2862|7.2862|7.1296|7.1296|8.1995|8.1995|8.5247|8.5247|6.1516|6.1516|6.5375|6.5375|3.7748|3.7748|2.2733|2.2733|1.1428|1.1428|0.5417|0.5417|0.3408|0.3408
2.902|42.9099|42.9099|25.1088|25.1088|7.3077|7.3077|7.3077|7.3077|17.0552|17.0552|26.8028|26.8028|20.3248|20.3248|13.8469|13.8469|14.8519|14.8519|13.3392|13.3392|36.9011|36.9011|36.4672|36.4672|14.1403|14.1403|6.3479|6.3479|20.7962|20.7962|9.5525|9.5525|16.5559|16.5559|16.3362|16.3362|12.8774|12.8774|8.6489|8.6489|11.0626|11.0626|13.2614|13.2614|11.1772|11.1772|11.6708|11.6708|8.1151|8.1151|4.8614|4.8614|3.2840|3.2840|1.4987|1.4987|0.6130|0.6130|0.2954|0.2954
2.926|2.5132|2.5132|3.9464|3.9464|5.3796|5.3796|5.3796|5.3796|8.2907|8.2907|11.2019|11.2019|9.1696|9.1696|7.1374|7.1374|6.8643|6.8643|7.1247|7.1247|8.1336|8.1336|4.6004|4.6004|3.5199|3.5199|4.1184|4.1184|9.6748|9.6748|6.8952|6.8952|6.2550|6.2550|10.9935|10.9935|6.1077|6.1077|4.9713|4.9713|6.4166|6.4166|8.4366|8.4366|10.0706|10.0706|9.5029|9.5029|7.3331|7.3331|4.0719|4.0719|2.2352|2.2352|1.1136|1.1136|0.3485|0.3485|0.1959|0.1959
2.949|13.0663|13.0663|7.6255|7.6255|2.1848|2.1848|2.1848|2.1848|2.2384|2.2384|2.2920|2.2920|6.1116|6.1116|9.9311|9.9311|7.8618|7.8618|4.5828|4.5828|4.5243|4.5243|2.6881|2.6881|2.1424|2.1424|1.3100|1.3100|5.5181|5.5181|3.9550|3.9550|4.3233|4.3233|5.7500|5.7500|3.1550|3.1550|3.3174|3.3174|4.4112|4.4112|5.0840|5.0840|4.6903|4.6903|5.1732|5.1732|3.9857|3.9857|1.9591|1.9591|1.1085|1.1085|0.5200|0.5200|0.1898|0.1898|0.1165|0.1165
2.972|6.4716|6.4716|3.7632|3.7632|1.0547|1.0547|1.0547|1.0547|2.0939|2.0939|3.1331|3.1331|3.3142|3.3142|3.4953|3.4953|3.2612|3.2612|1.9512|1.9512|2.4750|2.4750|3.8147|3.8147|1.7600|1.7600|0.8148|0.8148|3.4664|3.4664|2.2372|2.2372|2.0543|2.0543|3.2918|3.2918|2.3120|2.3120|1.7733|1.7733|3.8596|3.8596|3.8406|3.8406|3.8035|3.8035|3.7823|3.7823|2.1971|2.1971|1.4258|1.4258|0.7948|0.7948|0.3277|0.3277|0.1404|0.1404|0.1278|0.1278
2.995|14.2332|14.2332|14.2273|14.2273|14.2215|14.2215|14.2215|14.2215|9.5896|9.5896|4.9578|4.9578|7.5684|7.5684|10.1790|10.1790|11.3644|11.3644|6.9017|6.9017|3.1457|3.1457|2.8219|2.8219|2.9748|2.9748|2.3783|2.3783|4.3548|4.3548|5.2850|5.2850|5.2039|5.2039|6.2721|6.2721|3.9822|3.9822|3.9020|3.9020|4.3477|4.3477|6.1661|6.1661|7.7191|7.7191|8.3517|8.3517|12.4418|12.4418|6.9052|6.9052|6.4521|6.4521|3.6770|3.6770|1.9859|1.9859|0.8413|0.8413
3.019|20.7093|20.7093|12.4735|12.4735|4.2377|4.2377|4.2377|4.2377|5.5109|5.5109|6.7841|6.7841|5.0515|5.0515|3.3189|3.3189|2.5306|2.5306|1.4975|1.4975|3.3574|3.3574|3.5848|3.5848|2.4404|2.4404|3.1708|3.1708|2.8492|2.8492|3.8652|3.8652|4.6239|4.6239|5.5044|5.5044|2.5223|2.5223|2.4692|2.4692|3.3220|3.3220|3.5394|3.5394|6.4140|6.4140|10.6824|10.6824|9.2705|9.2705|7.3519|7.3519|6.3451|6.3451|3.3382|3.3382|1.3756|1.3756|0.7132|0.7132
3.042|5.6903|5.6903|4.5196|4.5196|3.3489|3.3489|3.3489|3.3489|2.5371|2.5371|1.7253|1.7253|2.8024|2.8024|3.8794|3.8794|2.8707|2.8707|3.2206|3.2206|3.7237|3.7237|1.9273|1.9273|1.6071|1.6071|1.8539|1.8539|1.7382|1.7382|1.9087|1.9087|1.9943|1.9943|3.2307|3.2307|2.2876|2.2876|1.4860|1.4860|2.1022|2.1022|2.3746|2.3746|5.0696|5.0696|7.2242|7.2242|5.7125|5.7125|3.9283|3.9283|4.6736|4.6736|2.0418|2.0418|0.9003|0.9003|0.4726|0.4726
3.065|6.0853|6.0853|4.5333|4.5333|2.9813|2.9813|2.9813|2.9813|2.1269|2.1269|1.2725|1.2725|2.2972|2.2972|3.3219|3.3219|1.9382|1.9382|1.4604|1.4604|1.6132|1.6132|0.8650|0.8650|1.3694|1.3694|1.5205|1.5205|2.1337|2.1337|2.1928|2.1928|1.7414|1.7414|1.9878|1.9878|1.9428|1.9428|1.6869|1.6869|1.6674|1.6674|1.8371|1.8371|3.5642|3.5642|6.7653|6.7653|5.1198|5.1198|4.3636|4.3636|3.1318|3.1318|1.6037|1.6037|0.7918|0.7918|0.4815|0.4815
3.088|2.8718|2.8718|2.2933|2.2933|1.7148|1.7148|1.7148|1.7148|1.9004|1.9004|2.0860|2.0860|1.5942|1.5942|1.1024|1.1024|1.3100|1.3100|1.6977|1.6977|1.3341|1.3341|0.7257|0.7257|0.9492|0.9492|1.1330|1.1330|1.4833|1.4833|1.2822|1.2822|0.9489|0.9489|1.7729|1.7729|0.9884|0.9884|0.9751|0.9751|1.1918|1.1918|1.2121|1.2121|2.7594|2.7594|3.9350|3.9350|3.2968|3.2968|2.5862|2.5862|2.1085|2.1085|1.0470|1.0470|0.5140|0.5140|0.2956|0.2956
3.111|20.6404|20.6404|21.5131|21.5131|22.3859|22.3859|22.3859|22.3859|18.7832|18.7832|15.1806|15.1806|14.3507|14.3507|13.5209|13.5209|11.7081|11.7081|11.9768|11.9768|24.6624|24.6624|36.7005|36.7005|24.0245|24.0245|13.8562|13.8562|30.3694|30.3694|12.0394|12.0394|22.5477|22.5477|21.9884|21.9884|12.7355|12.7355|11.5665|11.5665|13.4149|13.4149|9.2216|9.2216|10.7292|10.7292|12.0477|12.0477|8.5986|8.5986|6.8865|6.8865|4.1229|4.1229|2.6894|2.6894|2.5034|2.5034|1.9858|1.9858
3.135|44.4426|44.4426|29.3895|29.3895|14.3363|14.3363|14.3363|14.3363|43.8215|43.8215|73.3067|73.3067|48.0264|48.0264|22.7460|22.7460|16.1319|16.1319|11.4721|11.4721|19.6060|19.6060|17.7426|17.7426|7.5715|7.5715|11.7659|11.7659|24.2881|24.2881|11.5613|11.5613|25.1154|25.1154|14.8808|14.8808|14.0035|14.0035|11.2164|11.2164|9.2857|9.2857|8.9713|8.9713|9.5778|9.5778|11.8711|11.8711|7.8111|7.8111|4.7653|4.7653|3.9223|3.9223|2.0555|2.0555|1.5193|1.5193|0.8268|0.8268
3.158|14.9493|14.9493|21.4333|21.4333|27.9172|27.9172|27.9172|27.9172|20.8797|20.8797|13.8423|13.8423|15.0660|15.0660|16.2898|16.2898|13.0222|13.0222|7.9910|7.9910|6.7008|6.7008|3.2660|3.2660|5.2266|5.2266|7.6608|7.6608|18.4299|18.4299|8.6519|8.6519|18.6618|18.6618|15.6493|15.6493|10.5870|10.5870|9.3097|9.3097|9.4486|9.4486|10.3445|10.3445|9.2154|9.2154|13.4912|13.4912|6.6663|6.6663|5.5861|5.5861|3.0782|3.0782|1.8622|1.8622|1.2160|1.2160|0.7111|0.7111
3.181|11.4522|11.4522|11.9443|11.9443|12.4363|12.4363|12.4363|12.4363|10.4418|10.4418|8.4472|8.4472|8.5884|8.5884|8.7297|8.7297|5.3899|5.3899|4.8260|4.8260|8.4695|8.4695|4.5006|4.5006|2.7478|2.7478|3.0997|3.0997|7.7857|7.7857|6.1176|6.1176|18.8274|18.8274|13.4363|13.4363|9.3922|9.3922|7.7463|7.7463|8.0725|8.0725|7.6182|7.6182|12.0478|12.0478|13.1082|13.1082|9.4447|9.4447|6.7264|6.7264|3.9541|3.9541|1.8802|1.8802|1.2674|1.2674|0.9224|0.9224
3.204|0.5498|0.5498|7.0358|7.0358|13.5218|13.5218|13.5218|13.5218|10.9244|10.9244|8.3270|8.3270|9.2525|9.2525|10.1779|10.1779|10.4333|10.4333|10.1159|10.1159|8.4001|8.4001|4.9137|4.9137|4.8530|4.8530|3.9175|3.9175|4.2124|4.2124|4.9602|4.9602|10.5136|10.5136|9.1121|9.1121|6.7644|6.7644|4.2709|4.2709|5.7633|5.7633|6.4281|6.4281|10.0261|10.0261|10.1668|10.1668|7.8632|7.8632|4.7431|4.7431|2.9397|2.9397|1.3004|1.3004|0.9432|0.9432|0.7566|0.7566
3.228|6.0838|6.0838|12.6413|12.6413|19.1988|19.1988|19.1988|19.1988|20.9124|20.9124|22.6259|22.6259|34.5612|34.5612|46.4964|46.4964|34.8245|34.8245|35.2759|35.2759|57.4765|57.4765|32.1181|32.1181|19.8307|19.8307|21.1811|21.1811|27.3358|27.3358|18.4168|18.4168|15.6818|15.6818|15.4832|15.4832|12.5639|12.5639|10.0093|10.0093|15.2474|15.2474|13.9781|13.9781|15.8703|15.8703|14.3807|14.3807|8.5952|8.5952|5.9008|5.9008|3.8210|3.8210|1.7553|1.7553|1.2293|1.2293|0.7033|0.7033
3.251|0.5097|0.5097|9.2926|9.2926|18.0755|18.0755|18.0755|18.0755|18.2303|18.2303|18.3851|18.3851|10.4967|10.4967|2.6083|2.6083|5.0695|5.0695|11.3369|11.3369|14.4524|14.4524|5.9429|5.9429|6.2406|6.2406|9.0002|9.0002|12.4200|12.4200|9.1947|9.1947|9.7710|9.7710|13.2813|13.2813|9.7977|9.7977|10.4927|10.4927|11.1508|11.1508|10.5589|10.5589|12.3978|12.3978|11.8156|11.8156|8.2704|8.2704|5.9183|5.9183|4.1281|4.1281|1.5743|1.5743|1.0158|1.0158|0.8140|0.8140
3.274|6.0867|6.0867|6.5610|6.5610|7.0353|7.0353|7.0353|7.0353|10.2378|10.2378|13.4403|13.4403|8.4090|8.4090|3.3777|3.3777|3.2849|3.2849|3.2305|3.2305|3.6119|3.6119|4.6995|4.6995|2.6865|2.6865|2.2978|2.2978|6.2004|6.2004|7.4082|7.4082|7.3680|7.3680|7.2559|7.2559|5.3181|5.3181|4.0194|4.0194|4.9650|4.9650|6.5733|6.5733|9.8904|9.8904|8.3218|8.3218|6.6753|6.6753|3.9764|3.9764|2.3133|2.3133|0.8748|0.8748|0.6069|0.6069|0.4220|0.4220
3.297|11.5298|11.5298|9.8577|9.8577|8.1856|8.1856|8.1856|8.1856|6.6249|6.6249|5.0643|5.0643|4.7083|4.7083|4.3523|4.3523|4.3377|4.3377|4.2820|4.2820|8.9339|8.9339|4.8997|4.8997|4.8956|4.8956|5.0920|5.0920|5.0146|5.0146|3.7876|3.7876|3.0863|3.0863|5.4759|5.4759|3.7888|3.7888|4.3706|4.3706|5.2135|5.2135|4.9912|4.9912|6.1173|6.1173|8.4388|8.4388|5.6059|5.6059|3.1127|3.1127|1.8598|1.8598|0.7738|0.7738|0.6330|0.6330|0.4817|0.4817
3.320|11.9315|11.9315|11.8806|11.8806|11.8298|11.8298|11.8298|11.8298|11.3868|11.3868|10.9438|10.9438|9.2459|9.2459|7.5480|7.5480|7.9943|7.9943|6.8871|6.8871|6.3044|6.3044|4.0654|4.0654|3.6421|3.6421|4.5688|4.5688|6.7034|6.7034|3.8411|3.8411|5.0423|5.0423|5.9848|5.9848|4.0617|4.0617|4.6306|4.6306|5.4783|5.4783|5.4734|5.4734|7.9791|7.9791|7.7391|7.7391|10.8250|10.8250|7.1357|7.1357|5.6321|5.6321|3.1501|3.1501|2.0714|2.0714|0.9501|0.9501
3.344|12.5887|12.5887|11.0615|11.0615|9.5342|9.5342|9.5342|9.5342|8.5177|8.5177|7.5012|7.5012|8.9289|8.9289|10.3565|10.3565|7.2898|7.2898|5.0005|5.0005|7.3449|7.3449|3.9926|3.9926|2.8666|2.8666|3.3509|3.3509|5.4665|5.4665|5.2561|5.2561|5.1703|5.1703|5.2272|5.2272|4.1100|4.1100|4.2298|4.2298|4.1503|4.1503|3.7788|3.7788|8.9926|8.9926|13.1567|13.1567|12.1129|12.1129|8.1484|8.1484|7.5849|7.5849|4.0238|4.0238|1.6662|1.6662|0.8268|0.8268
3.367|8.5978|8.5978|8.2880|8.2880|7.9783|7.9783|7.9783|7.9783|7.2701|7.2701|6.5620|6.5620|5.5338|5.5338|4.5057|4.5057|4.5936|4.5936|3.0224|3.0224|1.7249|1.7249|3.2621|3.2621|2.6449|2.6449|2.0163|2.0163|2.8664|2.8664|1.9083|1.9083|4.7973|4.7973|5.5467|5.5467|4.5929|4.5929|3.4278|3.4278|3.7174|3.7174|3.6921|3.6921|6.0999|6.0999|9.6186|9.6186|6.9504|6.9504|5.5438|5.5438|5.0345|5.0345|2.3065|2.3065|1.0177|1.0177|0.5292|0.5292
3.390|5.9289|5.9289|5.7346|5.7346|5.5402|5.5402|5.5402|5.5402|4.1322|4.1322|2.7243|2.7243|2.0876|2.0876|1.4510|1.4510|1.7833|1.7833|2.2545|2.2545|1.8796|1.8796|1.3362|1.3362|1.4495|1.4495|1.6925|1.6925|3.1802|3.1802|2.5952|2.5952|4.2517|4.2517|3.7272|3.7272|2.0739|2.0739|2.0457|2.0457|2.2840|2.2840|2.8335|2.8335|4.3846|4.3846|8.0673|8.0673|5.7891|5.7891|4.4580|4.4580|3.5910|3.5910|1.7309|1.7309|0.8737|0.8737|0.5167|0.5167
3.413|2.9769|2.9769|2.4740|2.4740|1.9710|1.9710|1.9710|1.9710|3.9230|3.9230|5.8750|5.8750|4.4343|4.4343|2.9936|2.9936|1.7600|1.7600|1.3292|1.3292|1.4606|1.4606|0.8061|0.8061|0.7536|0.7536|1.0357|1.0357|1.4340|1.4340|1.0615|1.0615|1.7545|1.7545|2.4931|2.4931|1.8898|1.8898|1.5369|1.5369|1.9861|1.9861|1.6817|1.6817|2.6387|2.6387|4.8603|4.8603|3.1725|3.1725|2.7150|2.7150|1.9242|1.9242|1.1144|1.1144|0.4934|0.4934|0.3194|0.3194
3.437|1.5063|1.5063|11.2069|11.2069|20.9074|20.9074|20.9074|20.9074|28.6961|28.6961|36.4847|36.4847|33.5844|33.5844|30.6842|30.6842|22.3130|22.3130|32.1351|32.1351|52.5128|52.5128|33.7684|33.7684|15.5301|15.5301|16.6233|16.6233|22.5109|22.5109|13.7772|13.7772|11.5754|11.5754|13.6352|13.6352|10.5299|10.5299|6.6299|6.6299|9.7914|9.7914|5.9093|5.9093|8.3759|8.3759|11.1285|11.1285|5.5406|5.5406|3.5831|3.5831|2.5580|2.5580|1.4754|1.4754|0.6484|0.6484|0.3355|0.3355
3.460|0.7946|0.7946|4.1522|4.1522|7.5098|7.5098|7.5098|7.5098|26.5318|26.5318|45.5537|45.5537|29.3750|29.3750|13.1962|13.1962|18.4937|18.4937|18.2192|18.2192|22.3871|22.3871|22.5084|22.5084|14.6105|14.6105|7.6021|7.6021|12.5799|12.5799|11.6732|11.6732|12.6499|12.6499|14.3018|14.3018|13.2222|13.2222|8.7393|8.7393|11.6389|11.6389|11.5775|11.5775|13.6077|13.6077|12.4313|12.4313|7.6910|7.6910|6.1154|6.1154|3.6917|3.6917|1.6993|1.6993|0.7425|0.7425|0.3762|0.3762
3.483|11.7259|11.7259|8.6817|8.6817|5.6375|5.6375|5.6375|5.6375|6.8245|6.8245|8.0115|8.0115|7.9447|7.9447|7.8780|7.8780|6.0856|6.0856|2.7265|2.7265|2.4346|2.4346|0.9963|0.9963|4.9803|4.9803|4.1225|4.1225|7.3421|7.3421|4.4131|4.4131|6.3252|6.3252|7.0045|7.0045|7.0640|7.0640|6.5598|6.5598|8.5879|8.5879|6.9675|6.9675|11.0080|11.0080|9.9110|9.9110|6.9548|6.9548|4.5311|4.5311|2.9186|2.9186|1.0974|1.0974|0.3316|0.3316|0.1462|0.1462
3.506|3.9755|3.9755|3.0891|3.0891|2.2027|2.2027|2.2027|2.2027|2.6034|2.6034|3.0040|3.0040|4.2399|4.2399|5.4759|5.4759|4.1148|4.1148|1.8566|1.8566|1.9995|1.9995|3.1490|3.1490|1.6538|1.6538|3.4419|3.4419|5.8505|5.8505|2.9657|2.9657|3.0381|3.0381|3.4475|3.4475|2.9991|2.9991|3.3476|3.3476|4.4239|4.4239|3.3719|3.3719|6.3620|6.3620|6.2345|6.2345|3.9228|3.9228|2.3321|2.3321|1.3471|1.3471|0.5803|0.5803|0.2170|0.2170|0.1401|0.1401
3.529|7.9378|7.9378|5.1676|5.1676|2.3975|2.3975|2.3975|2.3975|3.1059|3.1059|3.8143|3.8143|3.1976|3.1976|2.5809|2.5809|2.1602|2.1602|3.1212|3.1212|3.8538|3.8538|2.5431|2.5431|1.5559|1.5559|2.3206|2.3206|4.1576|4.1576|2.1275|2.1275|1.5878|1.5878|2.6787|2.6787|2.1926|2.1926|2.2803|2.2803|3.7278|3.7278|2.1090|2.1090|3.8294|3.8294|4.7123|4.7123|3.1104|3.1104|1.6196|1.6196|0.9530|0.9530|0.4000|0.4000|0.1233|0.1233|0.0782|0.0782
3.553|0.0518|0.0518|0.0518|0.0518|0.0518|0.0518|0.0518|0.0518|0.0518|0.0518|0.0518|0.0518|0.0518|0.0518|0.0517|0.0517|0.0517|0.0517|0.0517|0.0517|0.0517|0.0517|0.0517|0.0517|0.0518|0.0518|0.0519|0.0519|0.0518|0.0518|0.0516|0.0516|0.0517|0.0517|0.0517|0.0517|0.0517|0.0517|0.0518|0.0518|0.0516|0.0516|0.0517|0.0517|0.0518|0.0518|0.0517|0.0517|0.0518|0.0518|0.0517|0.0517|0.0517|0.0517|0.0517|0.0517|0.0517|0.0517|0.0517|0.0517
